374.01,-246.53,791.73,182.69,-184.83,-531.26,-646.41,-323.77,-105.36,-219.76,-13.83,-433.95,162.86,307.41,-238.62,217.98,-141.16,60.64,-105.30,-210.08,-84.32,63.80,92.24,-73.72,12.37,-43.70,5.41,-28.76,1.92,16.85,-38.48,11.54,-8.09,-3.62,-44.76,3.31,23.37,11.32,-42.62,-41.81,-23.71,4.49,-22.89,4.10,-18.41,3.15,0.75,21.35,-5.52,-2.03,5.50
1178.99,-76.15,-72.55,140.47,-393.63,556.16,-218.32,104.61,-137.73,-128.64,-266.43,120.46,-43.22,114.50,-47.21,28.23,-174.08,-156.69,27.79,97.09,-63.18,42.77,-33.32,80.54,-14.65,-9.21,57.78,9.31,97.65,-258.30,-72.79,-72.31,93.01,54.39,-49.94,91.24,-18.69,21.25,66.15,48.81,64.40,-17.98,-7.18,19.61,-52.81,-10.71,141.32,-47.23,-9.76,33.39,22.73
876.64,347.93,-286.00,-590.69,-207.09,340.58,-43.53,-9.45,-233.33,237.61,29.61,-9.08,86.36,-156.67,-235.21,6.95,-132.27,129.90,3.60,-197.49,86.01,-68.53,-21.19,120.41,-140.55,40.32,56.01,64.65,-294.80,-17.46,-62.87,97.57,19.68,-59.13,-86.41,-165.38,-44.30,4.43,-9.29,6.04,-2.61,-27.63,67.83,58.51,5.59,37.99,-22.00,2.78,21.29,-22.49,-56.02
-406.37,-408.14,-415.45,26.56,-295.71,48.91,-482.82,-95.41,155.61,53.53,196.40,-116.73,-59.19,118.44,-290.40,-276.87,302.23,70.23,-42.64,58.53,-103.63,-99.71,-326.05,91.36,93.78,83.95,7.94,41.73,-66.22,-29.70,-104.19,-83.21,-30.42,33.96,104.74,87.65,-48.59,-27.67,80.51,48.21,-28.18,-10.49,10.85,24.61,43.03,-4.14,-64.21,30.52,7.17,5.14,35.74
774.86,450.89,-499.18,-50.88,-143.90,479.22,-512.06,102.32,-254.34,60.66,194.65,-3.68,-120.20,23.38,-67.73,310.12,129.15,9.40,100.13,320.84,-12.11,1.91,213.94,-101.11,143.87,82.56,-60.79,8.62,83.60,155.16,42.52,-9.07,-44.78,-43.86,-8.09,29.36,96.06,-2.19,20.98,-1.69,9.23,-29.23,5.46,-6.30,25.18,-5.92,-95.73,46.98,-7.92,-25.84,-14.59
193.42,-133.73,-595.32,-109.73,251.19,-261.74,-360.61,-347.82,254.67,84.67,102.71,-83.78,189.08,-70.06,147.24,-35.57,-152.14,242.70,-0.41,394.81,-44.86,-63.17,12.13,13.62,-130.08,-184.29,-50.80,-88.22,-82.24,-74.08,121.79,23.68,27.86,164.84,-65.51,-62.81,-30.31,52.62,5.73,52.62,35.88,14.69,6.22,-21.74,56.23,-49.84,29.97,-40.11,-8.78,20.69,-32.71
531.24,265.87,-205.53,-119.63,358.08,-350.69,233.59,96.99,330.73,-95.72,196.19,285.28,-610.47,382.02,-33.57,132.35,-221.65,131.23,-103.66,3.75,-124.02,-151.75,0.84,-20.97,-64.01,94.33,50.57,53.51,-26.47,2.59,-40.86,-33.65,34.59,-33.27,4.61,-20.93,-6.90,-15.43,-46.14,23.17,4.41,-23.15,16.54,21.15,0.44,15.09,-2.42,12.25,-12.69,-3.36,3.14
204.26,-286.25,-159.64,-258.75,-248.16,79.08,-129.35,-65.59,231.11,54.37,-138.31,109.93,-17.12,61.05,164.71,-124.24,202.76,12.01,48.38,-91.61,-94.95,18.78,72.95,8.46,138.78,-194.75,13.64,106.18,87.03,119.88,-39.34,52.71,63.08,7.85,-51.84,-52.49,5.03,-105.93,-127.66,80.98,31.14,58.12,63.86,32.77,-184.20,-15.80,23.38,49.10,23.07,19.57,-56.48
18.44,-500.93,105.59,-228.08,-320.40,-342.40,-228.95,-141.49,212.86,24.79,18.61,-176.36,-257.93,-368.80,136.69,-14.53,-55.04,-68.69,70.78,30.87,49.82,6.98,49.32,3.03,-106.83,77.90,30.67,-28.82,74.64,-64.62,-16.23,-22.85,-99.64,-157.27,-68.45,35.97,44.60,-72.48,79.92,-13.98,102.23,131.07,120.36,58.77,16.38,169.69,30.51,46.23,10.20,41.88,66.30
142.09,-406.87,-28.20,-609.77,-345.99,160.07,42.16,-254.84,177.34,-154.30,-133.16,-35.66,-75.12,119.45,201.73,132.01,309.93,-83.49,-200.61,-61.32,62.48,-118.28,71.13,128.37,132.91,-22.87,-27.58,53.17,-113.64,28.81,67.16,-30.46,4.07,-97.41,-37.53,-85.80,4.62,72.85,-49.36,12.49,-12.71,-1.42,-107.48,-29.51,137.80,-15.16,77.93,-93.12,-35.55,21.85,18.56
403.88,-249.96,272.24,-133.63,-67.58,-289.65,-18.59,44.50,145.04,207.85,100.66,-98.13,-166.80,-462.16,-83.01,52.43,34.61,-28.28,62.27,-41.18,-187.21,166.42,-82.50,-90.41,-44.90,40.31,7.35,168.57,108.86,55.27,-85.41,-0.18,97.14,42.64,-47.33,-41.23,116.19,46.62,-42.27,50.47,-51.12,-161.29,-74.78,-54.83,22.00,-105.98,42.48,-87.93,7.58,-24.74,-13.79
1588.36,589.15,300.05,-298.36,537.47,-310.56,133.70,-91.68,193.63,95.25,-213.21,59.67,398.20,172.29,118.31,-190.63,74.21,4.39,158.15,50.73,-103.29,120.67,7.66,-115.75,129.81,132.43,1.60,88.16,-27.27,-17.95,-71.58,-66.75,-66.57,-78.03,26.42,-17.08,-45.96,-64.80,89.65,-6.84,30.58,-6.73,-17.37,22.11,59.32,21.08,-15.44,-2.01,42.39,-6.93,25.88
364.68,254.74,80.73,-598.26,181.74,-133.20,345.52,-189.81,-186.32,270.30,-41.51,-79.20,2.58,-32.63,-27.09,331.98,175.70,107.24,185.68,-110.65,-177.33,-132.29,-102.95,239.22,-66.56,-25.62,-88.88,-186.48,173.38,-70.22,61.67,-10.24,-42.99,13.26,80.31,112.98,-78.25,31.19,-5.60,8.95,-66.05,51.06,-17.06,10.16,-80.75,-1.63,0.59,1.71,-1.18,31.07,12.07
1594.81,450.00,1105.46,98.27,160.39,-196.00,30.32,87.59,-57.53,-352.14,131.52,58.86,-130.83,-258.72,-74.27,-177.31,131.73,-141.76,-120.89,69.56,221.80,-180.71,-98.40,103.69,10.28,-120.59,-57.83,-65.39,-29.59,80.73,68.11,-0.16,5.78,93.11,24.80,52.54,23.54,-12.22,-9.65,-55.88,48.51,-8.42,13.96,0.54,-28.52,-24.79,-48.57,14.47,-11.37,-2.56,-35.01
301.34,-224.19,15.13,-427.25,-314.67,46.32,-169.76,90.53,98.88,233.82,11.85,107.55,-229.05,162.53,126.00,8.19,75.92,-213.86,15.41,-171.75,118.82,227.74,-79.49,-259.81,-61.28,-76.76,-34.71,-230.56,-48.68,-43.76,80.27,-13.95,-46.01,177.04,28.72,-83.91,-70.91,56.36,33.15,-46.70,-20.48,-9.87,26.15,-12.65,25.60,-41.52,-50.76,10.76,83.47,-31.42,51.55
-387.78,-231.22,399.70,32.06,67.67,-237.09,143.40,383.18,-239.23,270.32,-5.73,-49.63,27.04,144.08,-102.35,-45.18,124.41,-21.13,-49.98,90.19,18.62,-149.35,71.67,-137.90,56.06,-25.17,31.21,-51.36,47.34,-41.77,-50.14,-43.20,5.52,-10.00,-63.47,-62.64,-14.30,-5.10,-88.87,26.44,3.44,39.89,67.64,26.94,30.65,-16.77,9.85,-120.92,-59.52,67.44,-24.06
-169.77,-331.58,107.96,-162.53,207.28,-156.97,137.12,505.21,-113.99,325.56,-18.83,-67.35,72.32,-16.01,-139.28,-54.47,27.70,-46.76,-126.63,124.79,-0.52,-85.51,109.37,-29.81,58.67,-23.71,-40.68,-35.30,-24.53,9.46,-32.18,-26.80,6.38,-58.19,-42.55,-63.21,36.47,28.94,11.72,9.64,-12.73,-18.48,42.41,-7.06,-8.52,66.30,32.74,21.36,30.97,29.97,71.01
-364.09,-373.17,158.23,-303.91,96.09,-151.16,56.37,137.70,-38.74,283.06,-26.22,4.10,-15.83,16.33,27.71,12.36,-67.83,33.00,-301.85,64.22,69.94,-13.88,167.93,79.16,125.29,-63.30,20.71,-2.39,-60.88,-40.58,-73.26,-7.15,3.97,67.26,-7.61,143.07,52.87,-24.71,161.52,-99.57,-1.00,-26.30,-46.02,3.54,-102.89,-8.59,1.35,11.49,109.96,-42.82,-15.58
-487.06,-314.41,405.37,107.34,377.32,228.54,-70.36,-330.84,-21.21,-52.61,-32.82,-17.84,-82.25,-91.50,-39.85,83.19,18.34,52.34,131.63,-2.70,40.95,-160.66,29.48,-121.55,49.07,99.93,151.51,-32.88,-61.65,18.31,32.59,69.75,54.08,-12.96,119.44,6.88,1.38,52.03,14.91,-24.06,38.27,-1.79,-33.34,12.36,19.13,-20.29,74.36,-83.05,120.16,3.89,45.15
-106.73,-56.97,158.09,17.72,513.09,288.51,-75.76,-288.02,-65.78,108.07,-2.60,65.11,-25.10,-89.60,-19.96,0.67,-97.18,80.93,-17.87,-128.32,98.68,30.66,-110.91,-133.04,112.83,25.59,-84.72,-12.33,59.11,-37.20,42.63,-99.51,100.28,-7.30,-64.97,-24.07,-28.95,-39.09,-70.72,35.97,-62.01,33.04,-30.05,-44.85,-1.69,54.73,-112.45,31.14,-86.21,42.97,29.76
-335.20,-478.54,461.93,13.21,341.71,241.54,61.56,-45.83,41.01,-36.87,-64.57,43.16,33.54,-78.43,-5.82,53.52,21.41,120.23,35.29,35.34,9.28,-78.48,-11.86,20.06,113.49,-19.55,-19.89,11.01,-26.65,23.70,12.22,-18.63,1.61,77.94,17.20,-11.75,12.41,14.85,10.47,24.87,-0.25,-37.46,-28.40,-27.43,11.77,36.67,92.20,109.78,51.89,-113.76,44.99
-205.78,-177.43,51.27,-40.60,450.11,179.69,-264.20,-7.06,68.58,100.69,0.49,-13.01,-82.29,21.49,-43.71,-116.08,-8.88,-127.42,111.07,-49.16,38.91,53.30,4.84,-11.98,-2.16,4.47,-44.94,-20.31,24.94,-0.83,-10.11,31.64,43.80,-42.52,27.36,2.90,-6.21,37.41,-54.81,-33.76,27.36,66.82,62.98,-3.41,15.92,-37.15,-51.18,4.95,-83.29,58.01,-86.60
-535.84,-372.22,483.10,-26.06,324.26,189.49,-147.44,-226.82,-86.38,46.70,34.79,149.52,-38.51,-29.97,81.93,64.87,-112.64,-17.87,-33.34,-2.81,90.18,3.79,-96.59,17.93,118.52,2.13,-97.49,30.07,9.17,-118.65,-30.79,-147.38,-36.98,13.31,-158.74,-33.33,-20.37,-53.23,-0.78,50.94,-18.24,-56.51,8.51,-18.32,-1.68,64.77,10.92,64.49,-66.74,-40.60,-70.53
49.11,-286.65,3.98,95.22,387.94,318.80,-81.92,374.29,16.35,-142.34,-174.47,-114.38,63.52,134.23,27.03,-2.79,58.90,71.78,-214.01,-31.07,-32.98,-2.62,-127.69,44.37,-248.83,-87.70,-180.19,31.63,223.58,-0.04,-70.01,85.77,-67.96,-39.52,29.77,-143.18,81.86,55.57,46.00,44.61,35.43,22.15,29.79,56.52,74.21,-9.47,-1.74,50.03,48.85,-53.22,-34.46
-166.59,-550.36,111.03,-11.46,419.46,78.84,-270.04,267.67,31.84,1.88,96.83,-194.86,-126.59,132.16,0.82,-226.37,-153.59,-277.59,317.91,-48.61,-77.07,-23.78,190.49,240.63,-62.40,-50.82,-54.92,18.15,-75.19,68.50,90.12,49.03,-43.90,-73.94,5.86,42.20,-87.63,5.52,3.01,37.46,-62.86,-22.11,-50.68,-84.67,0.55,-33.53,9.20,-11.14,9.59,-25.18,-36.66
-120.82,-67.95,-107.93,101.83,397.58,331.42,-179.15,-212.58,61.81,-4.48,-168.06,19.06,-41.65,-29.52,-8.30,-66.91,-2.18,27.62,22.26,-91.41,18.33,-124.74,8.66,-104.77,21.76,88.91,-3.36,-39.69,19.27,9.25,-75.10,105.66,80.23,-26.14,82.17,30.67,53.19,52.72,6.09,-125.51,102.78,5.79,73.45,54.80,-16.87,-30.61,53.05,-76.66,25.41,31.57,12.85
-9.25,-623.73,343.97,82.56,448.70,365.30,10.25,106.63,157.57,-57.47,-116.49,106.86,32.67,-115.05,-12.28,221.61,88.87,60.45,-163.16,34.64,-69.13,249.79,60.75,51.20,-188.61,-14.09,172.12,66.61,-122.33,90.31,-27.84,23.19,-148.29,56.16,4.51,96.95,-72.24,-105.17,6.49,27.19,-10.02,24.74,-41.42,55.72,-46.88,-42.30,-109.03,-50.11,-61.88,56.54,62.29
-143.99,-305.61,217.98,-220.93,-204.74,40.18,137.86,342.25,167.82,-49.51,56.99,-62.70,98.59,219.69,-17.50,-6.48,63.56,369.19,279.77,-28.28,345.75,78.25,-88.66,15.02,-105.09,-23.22,134.33,-22.08,43.99,75.08,93.77,-125.79,67.26,-82.28,-108.98,108.88,92.93,10.00,23.07,-19.92,71.29,-84.08,0.76,-10.07,-17.65,-53.36,34.63,11.88,-19.48,15.83,-17.02
105.16,-99.28,-505.93,-51.58,109.77,-168.08,-316.41,259.17,-223.63,-190.63,60.35,334.24,58.09,-157.02,-28.54,-85.45,-111.40,169.22,-141.97,-98.43,-82.96,241.82,-70.93,74.55,129.36,28.26,-31.35,-205.26,-57.27,46.66,76.58,-90.79,-57.38,-138.74,71.67,62.55,57.40,-7.32,-140.03,15.62,-18.06,82.09,11.04,-27.38,19.73,-24.33,99.12,-53.75,91.14,-14.07,-19.77
-164.26,-386.86,-249.66,-315.36,25.51,-230.62,-283.94,626.97,-101.36,-436.60,219.50,86.78,192.54,-138.82,307.39,102.27,57.96,78.16,97.29,-158.41,-78.77,-149.77,40.94,-42.59,86.06,139.33,48.30,26.58,10.07,-156.46,-36.38,93.57,79.96,106.41,0.29,-53.40,-56.49,-12.40,83.05,-26.55,-38.01,-8.58,4.07,-21.98,-20.53,0.58,-71.22,-8.08,-59.08,2.87,18.85
276.90,-406.13,-190.65,704.72,-120.44,-123.09,-35.08,79.36,30.58,94.08,-185.51,73.40,93.40,33.66,41.21,27.15,-22.52,-120.01,98.11,55.51,51.71,-125.17,-73.09,86.24,-96.28,-8.42,68.26,-67.48,9.28,-21.84,-1.92,-69.44,81.21,27.23,7.98,-38.44,111.58,-53.65,-123.16,-13.16,-126.40,-32.38,-50.78,86.21,23.52,88.73,-106.64,-144.39,24.38,-67.83,76.49
184.14,-188.10,-351.85,452.21,-29.79,90.90,329.02,-132.62,-9.75,-97.62,24.94,49.97,20.12,14.99,15.24,-67.19,-22.82,-7.41,89.89,-121.52,-78.71,11.57,98.24,62.13,88.17,21.50,-164.70,-17.85,-54.56,37.02,-10.66,-50.93,-128.22,78.22,-199.15,56.82,54.30,121.93,8.19,-95.13,-7.95,-101.81,96.03,-6.71,41.81,-2.94,-40.22,-44.05,22.88,110.79,79.97
392.77,-200.32,37.12,-44.36,-170.93,139.71,289.69,45.80,67.05,-0.11,177.50,-181.97,2.82,48.20,105.29,30.95,-150.30,18.93,73.71,160.30,223.22,93.96,-73.29,20.36,75.91,51.70,12.66,60.46,42.94,-10.77,-254.66,114.12,-79.01,37.42,39.55,67.81,-86.66,55.20,-167.31,-33.59,-134.12,143.52,-20.81,-91.25,50.94,14.55,34.27,13.21,59.86,-77.27,18.38
52.23,-2.24,-226.35,491.16,-28.45,-240.23,-80.40,-68.38,-171.33,110.22,-17.50,144.71,62.79,-7.64,78.21,45.06,-3.98,-13.49,-3.54,-123.06,98.11,-102.69,-71.68,-29.35,-13.93,36.71,65.78,24.98,79.55,156.38,-40.34,50.77,-123.21,-6.89,-19.28,-18.57,-109.83,54.52,93.84,108.57,82.00,-1.65,11.36,-87.66,19.73,-55.96,61.54,17.46,-26.07,10.34,26.64
-139.49,-220.72,-503.47,-103.53,74.80,-315.31,107.25,-122.44,69.31,51.80,-1.42,51.66,82.30,-3.14,-36.20,1.53,-58.14,-109.43,-72.44,87.78,50.66,147.72,-44.73,127.82,145.33,-7.10,21.80,-86.95,24.76,-3.56,-104.18,117.43,95.08,-65.94,69.87,29.19,3.82,138.93,-51.21,-22.77,76.38,-84.88,33.47,68.19,-82.64,-52.32,-48.44,-10.80,-112.44,12.89,-33.81
64.66,-133.18,-150.96,553.87,-89.43,-58.60,234.80,-67.24,-22.27,32.78,89.69,32.51,-42.64,-34.89,34.42,51.09,10.57,50.35,-0.22,-101.79,-19.67,-6.46,19.38,-31.97,-20.42,21.70,-168.27,56.60,-17.72,43.15,-20.76,-35.27,-74.93,33.68,16.77,5.72,16.11,40.33,127.28,54.42,-39.05,17.02,59.40,17.05,18.80,-86.99,89.93,-18.45,43.13,22.68,-74.48
376.72,-193.16,-56.86,554.23,-116.21,-25.22,132.23,135.22,54.12,44.87,10.33,-142.00,22.90,-7.40,65.91,139.54,31.91,35.09,-45.50,93.12,100.57,70.32,-81.33,-50.93,12.46,48.44,-95.80,-16.82,-97.50,34.67,46.36,117.28,70.22,-51.56,72.68,-59.61,-95.31,64.45,-36.35,-62.35,59.13,25.47,-9.18,14.23,-76.59,13.29,34.44,79.05,-86.54,81.89,66.91
-69.46,-43.62,-295.65,-145.40,162.58,50.60,113.21,-223.38,-167.89,-130.91,304.18,49.40,113.34,123.45,-52.41,-85.99,36.57,-104.09,-21.11,48.89,-3.08,67.90,-11.68,18.61,-87.01,-33.40,53.23,122.01,82.15,52.96,135.38,12.93,28.72,9.63,-4.76,-98.16,35.13,-44.10,13.08,-53.80,-39.15,60.90,-9.13,20.15,-105.66,79.00,51.01,-78.74,66.19,57.94,90.00
114.59,-73.30,-331.07,-132.33,140.73,57.56,198.48,-153.15,-153.70,-58.58,352.09,50.92,58.43,48.19,-130.73,-100.53,60.71,-25.89,-29.01,-29.89,-0.56,49.56,12.42,-47.54,-46.05,-24.02,46.95,47.00,79.66,43.83,27.06,15.09,24.64,70.95,-23.94,-52.57,44.88,-5.79,27.93,-21.43,-45.06,92.32,-14.35,-9.36,-13.38,70.46,75.76,27.26,-39.68,-9.56,61.60
242.30,-115.69,-294.79,453.69,-64.03,-169.09,-82.61,-141.06,-82.16,202.80,-47.68,170.81,53.80,14.60,99.11,38.19,8.76,-68.82,-20.94,-94.85,74.40,-74.19,61.16,119.65,-9.65,-1.39,171.98,7.65,22.98,17.02,-14.89,23.91,46.53,7.15,17.81,-29.23,-12.42,-19.59,11.24,-22.84,-12.66,-28.70,-39.35,-85.12,32.42,5.15,1.93,143.49,10.03,0.50,-47.23
212.38,-50.43,-430.24,530.60,-15.91,-223.82,-170.18,-121.13,-80.84,155.30,-60.57,160.97,36.08,9.42,104.43,45.88,63.74,-12.15,-35.89,-56.51,96.52,-49.10,-6.90,70.18,-82.83,-12.64,86.90,2.74,35.80,67.66,-23.23,-14.41,7.80,-29.80,-4.38,19.80,25.90,-72.53,20.87,19.39,-5.18,7.71,-20.47,-29.66,42.70,36.76,-66.01,1.32,39.87,0.45,-37.92
132.16,-285.90,-275.78,-3.28,-84.47,60.72,367.77,-157.16,23.98,-107.02,160.21,9.36,62.06,-2.85,-159.11,-73.10,2.58,6.74,25.75,-106.30,-14.94,33.35,126.91,-23.62,32.16,-96.07,68.52,-20.98,11.70,22.57,-80.59,7.97,3.68,151.44,-17.66,73.98,36.89,11.47,64.00,16.19,-22.92,32.24,44.07,72.15,32.83,39.83,24.97,3.85,-114.10,-41.40,-30.43
163.49,-292.25,31.28,617.68,-213.81,2.07,251.38,69.79,103.19,10.35,53.98,-124.42,0.13,6.02,47.13,139.82,33.91,6.16,39.48,19.92,-15.59,40.10,-41.93,-55.14,61.12,49.41,-238.01,27.73,-174.56,-32.59,91.69,-8.91,103.85,-68.47,38.47,6.05,-32.53,-164.25,76.49,51.14,-80.23,67.60,3.87,75.96,-77.79,6.31,36.58,-40.00,5.20,-24.44,-86.86
94.58,-87.05,144.99,113.07,-90.76,82.81,252.52,-119.18,-138.44,-1.67,293.29,-44.03,21.98,-41.96,-49.79,-72.51,2.74,-58.84,-134.47,32.57,46.88,21.84,74.84,-74.26,-25.11,-38.68,102.01,-18.95,85.22,-178.09,42.35,-44.37,-26.82,-187.33,-2.69,-9.89,-138.97,-45.65,44.00,109.81,68.24,11.59,-75.81,-47.76,44.01,-142.09,-32.21,-75.24,-7.96,14.27,-2.56
-447.80,-394.11,-169.02,-444.12,40.15,-146.34,242.14,-215.81,-167.63,-104.65,101.22,-77.76,126.30,97.93,81.90,123.24,-106.48,-253.10,-47.74,59.69,96.19,102.29,-106.17,73.39,-20.34,168.10,-22.56,116.20,54.53,-9.53,116.73,-17.33,9.05,14.84,92.91,-0.96,52.82,-43.98,-5.16,-27.33,72.38,-140.63,56.08,99.82,47.12,-9.20,-55.65,36.06,67.91,-9.99,-92.57
100.01,-394.86,-239.05,350.07,-125.03,144.64,460.20,-72.83,194.10,-190.51,74.78,-23.25,45.29,-95.00,-170.44,-4.75,103.09,62.09,88.46,-34.85,-155.54,-10.20,152.06,-58.12,7.84,-117.18,19.53,-131.12,-2.00,-154.55,-25.29,-22.90,-9.12,-99.31,34.04,-94.36,11.24,4.23,-75.41,-36.69,130.77,-51.02,-29.53,-53.76,-4.29,16.65,-121.71,102.62,87.52,-94.68,-16.10
-441.93,410.61,-21.64,-173.41,-58.90,-28.94,103.50,26.83,129.60,-73.79,-99.67,73.75,18.74,38.22,-135.85,47.89,5.47,-60.91,7.99,-14.75,7.26,119.30,7.63,19.05,-54.57,28.34,-109.42,-109.12,-10.27,118.82,-83.00,42.38,192.53,17.08,-13.98,20.60,28.84,10.26,185.72,42.48,94.21,94.93,-108.04,-175.54,35.31,154.50,-39.16,-116.64,-29.31,-31.15,-67.39
-499.83,528.61,301.92,17.38,-67.80,-38.66,0.38,-53.16,0.69,-174.50,-90.61,26.99,-27.56,-25.35,-82.95,-22.78,45.38,24.46,-13.38,102.06,46.27,89.32,70.18,95.25,-61.43,54.79,-30.48,-23.64,12.61,-17.77,-71.24,7.26,200.73,2.13,-14.84,-82.96,-51.99,-50.09,5.83,64.69,-135.38,-53.96,62.86,-80.34,-9.92,-76.93,4.09,115.00,139.60,174.55,68.18
-446.13,503.35,329.74,7.40,-189.16,79.21,6.52,49.66,198.10,106.85,90.12,106.57,105.63,-27.30,16.19,-7.80,-132.66,-77.23,48.48,-47.12,-30.24,-40.49,40.77,112.07,29.28,50.30,-3.13,-30.92,-23.19,-34.35,-29.82,-48.48,-26.29,17.66,9.96,-66.54,210.19,9.00,13.32,-42.36,0.98,176.40,-163.61,125.37,70.00,-163.87,8.11,108.98,-78.28,67.21,35.02
-377.07,420.30,-249.94,-1.44,-66.80,-246.15,-85.65,125.92,80.40,48.16,-179.93,188.16,-43.40,-55.52,-268.20,39.35,-3.61,47.95,36.39,-82.34,128.90,54.08,121.22,10.44,81.14,-141.34,-118.38,181.27,85.75,-104.06,152.82,178.97,38.58,45.19,22.98,125.46,-112.53,-104.24,-42.81,-4.40,33.21,-6.70,0.96,77.00,185.38,2.08,0.60,13.49,-2.97,-32.18,90.38
-120.56,695.68,104.21,179.14,200.07,-0.78,138.43,-5.83,-108.43,-9.98,-77.15,-210.67,-97.94,56.12,156.45,-15.63,98.11,-2.90,-33.31,-38.11,-37.68,76.44,-68.95,-16.33,72.77,-30.63,166.44,43.00,-91.36,-113.49,120.97,133.66,57.58,-31.34,-86.64,114.29,178.74,109.62,31.50,164.80,-82.75,97.82,158.54,0.83,36.31,-31.97,-66.83,0.95,33.49,-72.13,-3.38
-92.16,505.21,-83.83,254.74,-38.80,66.28,-55.79,153.61,66.19,166.18,16.11,-170.18,-63.93,15.60,-32.89,-106.10,98.44,115.24,-29.45,-86.95,58.24,18.65,80.26,0.89,-36.07,210.96,1.56,51.88,32.22,-120.80,80.67,10.44,-105.01,181.61,42.30,-10.34,7.49,-85.69,-112.81,-84.06,83.88,1.57,-62.33,-31.75,-49.52,21.04,55.83,-57.44,26.53,49.35,-136.30
-275.54,422.27,406.18,-17.18,-222.49,189.47,-106.00,32.33,195.45,24.65,192.94,160.54,176.23,5.20,100.57,-24.63,-18.89,-39.75,-37.68,-23.31,-40.23,-46.02,57.53,-123.70,-121.30,-91.98,-21.71,-54.91,-26.30,12.17,-27.98,22.25,-25.35,-93.85,125.38,140.05,-36.53,66.51,-10.89,67.63,-111.09,-185.49,41.98,62.50,14.45,125.06,64.32,22.43,-36.95,66.19,-11.69
-657.27,422.77,317.44,23.07,-218.14,60.07,-9.44,-67.16,122.91,-44.07,17.37,92.01,56.03,15.68,-0.20,-61.45,29.62,-32.70,-34.79,82.44,-69.87,-13.45,33.55,52.06,-71.14,230.88,-1.40,-152.45,61.12,97.65,-17.87,30.26,20.68,3.45,-211.21,-5.50,-149.60,5.02,18.27,-46.57,-18.32,37.62,30.51,108.99,-12.81,-82.83,-72.96,-11.07,52.09,-86.90,-4.68
-173.04,581.44,-446.80,67.09,184.30,82.14,35.64,25.48,-68.63,-64.11,-0.03,-223.42,-75.96,9.36,101.40,-46.00,67.74,-53.06,-86.77,-5.79,-71.41,-27.55,-119.17,-94.96,-27.43,-57.77,74.34,-41.05,-48.64,-42.34,-13.75,96.33,-57.60,-55.91,-103.21,82.26,-6.87,-29.03,-9.93,-41.73,-13.42,-70.48,-89.77,-42.49,-32.96,21.34,4.75,24.31,-55.83,20.74,-20.83
-489.11,502.01,322.53,76.00,-131.22,-27.45,-10.27,-59.93,63.93,-67.09,-22.57,17.38,70.33,3.84,-3.71,-31.19,66.09,-12.54,-64.18,46.35,-16.25,26.60,50.79,108.92,4.24,180.49,-32.64,-43.09,23.75,20.95,32.05,37.99,-69.90,63.66,-87.98,-20.74,-46.22,13.37,-147.70,133.09,96.32,-63.06,33.56,-8.78,-54.70,65.89,73.05,-39.52,-43.99,-112.67,47.03
-202.87,401.25,259.79,237.32,-95.95,43.66,-138.67,-28.93,144.48,139.60,-4.39,129.07,38.45,5.84,13.13,-0.87,98.85,13.21,-87.47,41.06,-111.59,70.22,-22.74,72.69,-78.66,-5.57,31.29,115.94,20.52,-99.58,110.54,-43.91,4.29,-104.11,20.18,-35.44,6.01,50.80,44.39,-298.80,-92.35,-5.42,102.92,-162.79,-33.41,-14.75,45.33,4.22,-95.95,-103.72,14.87
-218.24,580.13,-91.20,169.61,-25.31,-8.20,-26.85,107.24,-25.54,-55.58,-109.22,-227.54,-134.98,-102.38,90.15,-55.60,-51.53,125.51,-33.99,-49.50,51.66,101.51,140.20,108.37,60.68,-39.74,63.22,140.31,36.02,22.05,21.98,-270.11,16.51,55.26,153.01,-83.64,-125.12,237.62,29.00,45.21,13.51,36.66,-8.92,67.41,-28.16,88.60,-97.83,-26.86,9.77,15.80,-0.29
-377.05,626.22,-286.31,10.38,115.35,73.09,56.24,73.38,-168.29,-60.73,25.48,-254.97,-53.72,-71.04,154.59,64.38,-45.02,-46.19,28.99,-20.90,-95.73,-8.38,-58.90,-22.28,13.84,-193.64,63.82,-42.41,-9.37,153.89,-113.12,-161.49,119.68,2.28,-12.78,-1.95,-134.04,-156.40,-9.93,-141.02,40.33,-13.50,65.68,98.08,98.85,-65.55,94.30,-17.48,-13.22,-79.13,5.23
-610.51,411.14,-217.75,-32.24,18.91,-202.25,-65.24,42.64,90.20,-226.62,-191.62,133.86,-74.32,-70.37,-200.63,104.24,-26.81,-40.01,169.25,102.70,120.53,-12.68,-158.46,-65.20,132.34,-154.15,38.47,41.70,25.42,-31.61,-16.67,65.10,-204.03,-85.56,-93.86,-124.21,-34.83,61.69,91.37,-60.74,-109.99,-15.33,-95.65,79.43,-99.93,15.65,7.40,-58.08,43.49,16.51,-72.04
-457.03,384.75,570.43,-14.22,-399.51,181.91,4.45,79.14,-26.66,144.19,200.75,49.52,86.91,77.81,134.95,55.23,-262.53,35.90,36.03,-36.66,-130.53,-80.84,-195.56,51.68,92.67,-161.23,-79.21,126.40,-32.84,42.64,-8.57,55.41,-46.25,-2.16,34.80,2.13,43.84,-43.27,-16.54,1.24,184.82,2.99,20.27,-92.45,-41.18,-5.15,-120.45,-84.92,62.16,31.33,95.16
-453.76,289.06,-627.84,-258.12,142.15,-224.35,-30.63,58.71,-5.60,-123.50,-131.07,40.79,162.90,-50.15,-103.91,133.10,84.26,-254.40,32.00,3.26,57.11,-136.66,-6.45,-180.14,-221.41,5.85,-100.90,139.29,-161.50,-32.96,-59.34,-189.19,-6.10,14.55,-16.34,141.70,29.38,70.95,-124.05,39.20,70.84,82.72,-8.49,-70.23,-92.34,-61.50,12.24,69.08,25.27,-30.54,32.82
-240.30,388.14,507.64,-59.64,-235.78,112.38,-80.51,-33.54,101.85,48.86,170.59,175.95,177.87,-30.39,43.98,9.79,-32.51,-25.45,-0.46,-1.95,-28.05,-64.78,75.25,-108.11,-61.89,-43.34,36.65,-9.67,29.67,12.74,-11.52,2.53,-9.86,-7.55,103.21,14.73,27.69,49.09,-40.85,41.75,-66.96,20.20,-13.84,59.92,25.12,60.13,12.00,-7.01,17.30,-7.36,-106.53
-52.70,568.47,-431.14,77.12,103.88,85.16,33.31,65.62,-13.26,41.64,-0.61,-253.66,-79.26,-22.09,142.22,-134.26,-35.28,-7.19,-83.15,-63.65,-34.03,23.01,-38.73,-29.56,24.05,-0.20,7.17,-84.95,16.54,5.44,19.20,45.57,-0.42,2.63,-61.92,42.52,51.75,-45.39,-17.27,8.45,7.83,-86.89,-199.47,38.00,-10.29,80.71,24.45,74.57,45.30,53.65,31.24
-456.85,485.66,-33.66,-50.30,48.08,-54.22,78.07,-34.16,-15.58,-104.75,-118.30,-88.08,-70.33,35.72,-44.90,78.43,13.86,-50.82,110.52,55.10,72.15,74.06,40.36,72.07,40.10,-21.07,64.33,-132.60,-79.28,-40.06,-82.41,-17.10,-148.00,73.33,175.61,-154.62,132.32,-178.63,35.29,83.19,-2.82,-74.41,115.67,-92.85,5.47,-17.11,46.54,-17.05,-101.85,8.09,42.53
24.80,-439.77,198.58,-15.05,-246.66,48.77,271.03,264.83,35.49,-18.09,-239.21,-13.06,59.35,-34.74,-167.35,45.10,-147.27,-118.69,-3.25,104.86,-264.28,-37.36,-168.80,-71.54,95.79,50.12,208.36,-8.73,-18.51,118.74,204.67,-7.26,-3.46,84.13,-12.55,-13.13,-58.83,40.70,-12.90,2.40,24.12,53.72,24.83,-39.49,75.92,57.35,31.88,102.78,-6.13,64.81,-76.03
235.21,-77.37,-299.03,-208.72,-239.15,62.83,52.69,-56.90,36.04,29.72,-197.91,-98.43,2.77,-41.07,-30.06,-200.52,-243.72,43.50,-72.23,-50.88,59.93,-131.67,50.41,-115.49,6.99,87.38,-32.89,-27.32,65.79,87.75,135.54,-0.44,-10.37,-28.98,89.10,-20.43,9.58,-20.27,76.51,81.57,-79.32,-30.79,-26.04,11.65,-145.00,-103.41,-18.62,9.46,-82.43,-130.43,99.33
47.55,-164.25,-334.51,-397.67,-282.91,135.21,215.23,-101.66,78.17,-171.14,-285.27,-119.11,57.22,-78.32,12.28,-92.88,-167.14,93.54,-137.75,10.81,23.98,-146.08,41.80,-69.66,-23.64,30.98,-47.75,2.88,98.62,54.40,-4.51,-11.16,-52.43,-11.32,31.55,73.49,15.86,-91.14,-38.04,-69.62,-117.43,4.74,61.37,-120.32,55.71,-23.88,-89.62,-47.31,-11.03,81.01,-59.82
-123.50,-298.06,251.62,-146.96,-191.52,-150.47,122.98,5.61,-446.83,-27.88,-156.01,72.50,-143.62,21.86,85.79,-172.15,45.52,133.66,89.66,100.91,-89.20,84.21,-24.79,-23.44,-121.85,43.61,-118.48,36.07,-81.64,22.39,-19.89,42.30,4.34,-32.76,33.06,2.61,20.03,30.64,-18.48,-39.33,10.19,-34.47,-96.34,41.26,70.05,34.09,9.32,39.24,-90.93,-22.57,50.44
-390.02,-236.43,407.74,-33.03,-300.29,-179.22,47.96,-304.14,-492.93,-77.21,-174.23,197.51,-201.70,85.83,119.93,-179.89,55.91,135.62,108.92,131.28,-90.39,34.27,64.55,-78.74,-92.80,-46.76,1.40,48.77,-54.51,-25.89,-53.69,40.73,-14.61,25.37,34.28,16.12,6.08,1.42,-11.99,-25.74,16.50,31.41,-36.69,12.10,-37.97,-18.90,-47.89,19.04,-0.50,-0.74,-64.38
