272.40,-759.71,1762.14,585.64,415.62,54.71,178.94,316.37,-193.23,-119.84,-30.78,184.53,-300.19,105.72,92.87,-95.71,34.57,-59.81,20.88,245.71,164.00,-59.43,-71.05,157.36,138.03,-71.48,-176.60,-1.16,-51.40,168.40,-120.81,-6.50,-118.57,-59.48,-73.90,-6.90,133.25,-25.42,-16.44,142.64,40.28,30.23,39.59,-8.64,-60.88,62.43,-20.26,37.47,10.85,9.24,-96.43
-186.77,-161.80,210.63,140.46,-17.09,-278.73,356.59,-359.11,-385.57,-68.07,3.89,-27.76,29.74,140.07,125.12,291.48,-186.42,187.85,28.48,249.06,158.90,-13.51,-130.53,-120.69,284.95,112.00,-46.75,117.85,-11.07,163.09,58.98,-28.43,30.14,195.70,-39.63,16.20,109.43,-85.67,143.00,10.38,187.24,39.47,33.44,8.66,-30.01,42.78,-110.77,-21.65,17.02,-24.45,14.01
784.19,24.89,933.67,-100.88,231.15,25.33,74.29,-277.23,-213.09,-300.22,192.33,-138.85,47.37,79.79,-211.97,83.37,-52.26,-106.98,-308.33,-16.00,62.92,-129.98,-42.35,-26.99,0.31,68.46,4.35,-18.11,97.34,-66.98,1.48,-34.97,66.51,-28.61,-63.10,-4.92,-6.82,36.90,66.24,-4.18,22.26,15.59,41.30,24.69,33.54,-60.91,-7.73,-49.89,12.73,84.91,-14.97
790.19,-497.86,1056.91,-280.22,-512.99,207.90,178.86,-35.43,-99.41,45.52,265.03,-268.68,21.02,191.71,125.93,86.37,38.01,-93.62,-151.92,-77.87,-2.99,-89.07,-55.99,-153.03,49.37,85.33,71.09,-28.54,-100.02,73.83,13.02,-14.37,-44.06,105.52,-16.36,-64.70,104.55,26.08,47.42,-148.15,-34.81,-138.14,-49.64,-8.42,-51.28,37.21,-10.20,70.18,44.14,-42.79,98.99
718.81,-1798.86,-130.98,178.13,-550.65,-221.76,267.92,-207.52,-71.75,47.20,115.99,-72.11,-107.94,-175.64,-146.41,-23.93,-186.62,113.50,-226.30,-163.50,-72.22,72.96,-171.38,-56.12,80.31,-28.78,-104.46,-91.21,-178.14,94.76,10.99,78.31,39.52,-112.92,-16.35,-120.62,111.35,-47.04,-33.66,110.19,-10.27,16.82,-29.49,-67.99,-1.95,37.01,-0.72,-25.32,25.33,98.29,83.61
189.61,-609.22,173.44,-313.48,491.78,61.52,85.48,-335.95,142.88,49.97,38.37,217.79,201.33,-119.13,60.90,90.52,-309.64,109.85,7.34,-64.34,-167.87,20.96,7.17,-4.53,-156.79,-39.94,23.65,-169.95,157.36,117.38,-56.40,-53.11,-11.25,-58.03,-62.83,7.24,-15.92,-35.97,-14.60,-175.18,-122.36,30.79,-18.42,36.95,92.59,-4.27,-42.19,-175.94,-118.54,34.87,67.40
-538.32,-1372.75,23.87,207.25,-667.25,-533.84,-72.66,-348.49,194.27,179.11,155.74,151.59,-176.46,-499.02,-32.18,-104.73,-37.03,-89.88,-454.56,-68.46,221.70,268.38,234.55,230.69,69.69,-125.37,-50.19,-273.93,-13.71,-128.53,8.39,-8.21,53.41,-90.19,34.90,-117.73,105.68,-45.30,132.14,-24.52,-76.66,51.43,159.94,28.43,55.72,-23.97,-129.34,47.37,-5.37,28.75,7.51
-335.50,-428.39,254.99,407.68,-252.89,132.89,-56.31,24.63,83.12,-36.42,-109.28,-196.55,-112.48,-115.81,102.59,10.68,7.93,19.42,214.30,79.27,159.26,16.25,-49.07,-103.38,-49.89,18.54,-78.53,-13.72,71.53,4.63,-208.36,-17.63,4.89,19.65,71.36,24.07,-27.09,-4.71,77.01,20.64,1.01,52.05,32.93,-30.30,-41.55,-27.13,152.11,-13.49,-27.52,49.81,-91.84
302.22,-411.62,6.07,-285.26,500.65,-114.72,-176.17,-362.54,231.77,-513.30,-204.55,-308.53,-103.66,38.08,277.88,153.00,20.31,-25.53,-76.11,-27.33,-94.71,0.53,-69.12,-45.29,-156.02,40.26,-80.55,73.85,26.47,1.94,-106.33,91.87,21.59,4.83,-64.67,-0.75,50.71,28.91,-31.58,10.39,3.79,-14.87,6.72,-32.89,18.72,35.40,-0.49,44.25,35.06,-18.98,6.49
365.73,-351.32,54.09,-29.78,472.66,48.99,-96.55,117.35,230.49,-116.03,-42.78,-250.32,-49.08,72.71,215.22,38.86,58.07,4.57,-81.25,-178.20,37.84,189.16,1.73,-94.39,57.63,-158.23,-42.84,-48.30,-87.02,66.64,68.71,170.25,97.68,16.27,-105.98,-56.64,-4.72,7.09,-79.52,1.42,4.14,-46.64,58.67,15.11,-71.60,42.38,-99.58,-27.44,-28.32,-13.30,58.07
230.63,-161.56,698.44,-54.16,996.22,-29.86,115.40,-182.97,278.00,-246.22,-222.48,18.76,-93.65,95.18,-3.86,5.52,121.25,-180.66,373.52,-293.57,-42.33,174.56,-102.12,8.93,180.77,109.24,-27.09,33.36,-221.95,-19.47,65.01,121.59,24.74,-149.12,161.08,-122.84,184.57,-28.07,115.16,-16.84,-152.23,-50.45,-89.76,93.35,121.49,-49.93,-8.49,76.67,116.28,-26.59,-118.14
389.59,-1047.85,-400.51,-143.68,832.20,-377.79,701.29,-307.59,-97.88,165.59,-343.78,282.02,302.54,74.82,203.46,-240.11,-469.68,-47.34,7.61,-480.64,-214.88,117.50,-65.27,363.24,184.41,154.97,154.94,-53.08,166.76,258.82,-210.81,70.00,-136.94,50.82,341.70,-46.01,-68.66,-10.81,-39.02,70.20,46.84,-244.97,71.06,43.65,-299.91,-122.48,93.22,-44.94,9.60,86.78,129.04
138.83,-975.84,361.58,-147.98,-26.01,-241.82,228.01,-448.82,-134.79,-213.28,546.48,15.57,111.80,242.40,-284.79,-10.38,79.04,122.22,-115.51,113.24,-166.69,42.89,29.37,-78.90,-71.64,103.06,49.94,-74.43,-133.96,6.05,-67.16,33.43,194.13,-108.65,-41.02,-177.60,-164.25,98.86,-19.70,-117.55,15.41,-96.49,50.24,-13.58,94.11,145.93,-31.68,-3.31,-83.48,86.16,-36.91
271.45,-1323.45,-490.35,465.21,-281.27,79.03,-64.81,-6.60,-212.32,47.80,187.06,-8.97,-29.55,-171.25,-103.63,168.43,-149.82,-72.03,-39.11,-48.43,-48.63,55.99,-67.32,-23.11,57.17,135.55,-16.40,-51.05,-17.02,148.02,-66.74,-23.09,142.17,29.45,39.29,32.34,32.31,-97.33,-150.75,75.78,20.31,92.37,38.53,57.76,-109.99,4.37,-38.95,165.57,-42.89,-181.60,-13.54
17.04,-974.27,162.75,171.94,491.35,164.33,-280.89,-24.55,136.69,-19.36,265.41,-171.72,-1.54,-89.64,-20.67,-14.01,367.14,43.72,156.07,102.03,-159.62,28.25,54.34,27.02,147.22,-9.07,-135.59,92.37,-70.06,159.49,103.93,-79.90,-38.22,-162.37,-20.94,55.69,36.89,-105.83,129.47,-25.70,-130.41,3.63,-135.92,-37.68,-26.42,-40.56,10.65,-35.33,5.91,51.34,9.61
-766.95,-1715.65,-576.23,576.77,-221.82,53.96,-54.63,34.24,-150.64,-124.29,153.59,-35.10,-41.33,-225.78,35.84,153.88,-62.06,-22.12,122.09,-97.74,9.09,24.91,-56.42,-15.91,44.92,111.14,70.30,-19.24,32.75,183.24,-56.13,-12.04,149.15,-12.00,40.61,-15.43,33.20,-63.85,-143.89,88.99,76.99,68.26,64.79,-38.29,-178.97,-12.55,9.79,269.10,-153.91,-65.52,-4.91
428.30,-399.30,804.37,369.56,344.01,361.35,341.23,-90.89,37.10,639.32,-107.40,209.53,171.00,36.61,-126.28,39.61,95.31,485.25,47.12,23.22,-349.48,168.39,-51.62,102.22,-217.70,95.72,152.11,-275.90,259.01,95.42,80.68,-30.55,-96.50,-80.15,-90.98,-28.75,125.89,230.10,46.99,-200.72,174.80,-51.85,120.60,72.37,95.01,-173.10,113.08,-160.21,-133.04,-24.82,16.60
626.85,-566.69,411.84,468.80,-268.11,154.77,53.42,12.93,-53.32,5.11,-194.32,64.02,-20.83,-71.97,68.19,-5.99,-13.55,-33.77,25.46,-59.12,-31.06,-88.03,-29.11,33.85,-66.65,-101.46,94.92,100.21,-17.93,-96.38,-101.29,-49.95,79.24,-146.43,44.96,28.09,63.95,-61.05,-92.41,53.23,87.25,67.32,-15.84,-93.18,-43.90,-102.02,72.12,27.48,60.91,-3.77,34.32
55.62,-890.34,-536.33,-251.89,-721.11,-265.67,318.87,-292.13,-105.00,-353.93,-34.63,217.05,120.93,50.21,-92.51,-350.36,165.63,89.43,221.40,-101.75,61.09,71.35,-77.86,27.28,-107.69,-24.26,-58.32,113.54,97.16,24.87,-30.58,-91.58,-43.34,-43.26,60.13,-24.70,-10.28,-11.57,90.63,-33.07,235.83,15.40,-204.42,-258.57,83.92,-17.83,-44.87,-5.35,72.07,84.24,56.77
572.24,-647.41,1211.72,106.76,-682.10,60.91,76.27,-76.08,-116.37,-185.89,130.78,-378.00,-271.79,-60.52,50.07,34.52,-173.64,19.49,-159.28,-217.16,-12.64,50.01,-28.00,17.87,59.05,-284.02,-220.46,24.31,113.42,-191.71,147.26,28.06,-95.12,9.22,-4.66,5.15,-21.96,-80.97,3.99,71.04,79.45,15.57,27.98,-125.59,123.49,-59.00,-18.02,6.73,3.50,-12.08,0.06
-376.38,-464.88,606.35,-111.78,46.09,-272.06,272.66,-401.59,-207.24,-242.35,-340.99,16.17,70.00,-113.11,204.66,203.04,-302.49,34.23,48.13,110.60,-75.27,-142.94,-91.73,162.96,-76.86,-63.15,259.04,97.40,-41.63,-38.02,-156.07,-117.03,87.23,84.91,-14.67,127.62,23.39,-99.08,-30.57,-56.92,-82.47,-79.59,187.20,-39.92,-48.37,101.13,-51.09,-31.46,62.22,-72.69,-7.15
495.38,102.39,1167.24,-204.41,-161.54,331.25,-59.47,-521.61,222.60,201.31,-0.49,-108.67,138.69,-147.00,-56.34,134.93,-71.68,-24.31,94.38,-21.70,-56.48,95.38,-105.71,32.45,151.90,91.22,16.82,28.21,-80.17,18.77,31.37,-117.37,11.17,53.21,-56.44,2.47,-1.94,53.49,-11.91,79.06,-9.06,38.35,-89.84,89.31,-72.94,-73.07,98.36,-18.17,-25.79,-66.80,-12.95
-168.21,-600.68,108.88,-294.54,243.72,229.78,-298.01,108.54,171.54,-31.57,-120.19,196.11,262.82,-144.71,-61.58,133.19,-132.87,34.85,-167.15,-79.47,48.67,21.52,-16.09,-98.33,51.12,-118.07,-61.80,-107.68,-15.58,240.76,-54.81,50.06,-52.30,-72.70,-2.73,124.08,-14.09,-103.02,117.84,-95.00,94.53,13.52,-36.66,-75.30,26.01,-27.46,-136.84,-17.74,62.34,59.89,-35.69
-402.13,-1485.91,910.85,558.83,587.99,121.58,-57.33,165.26,-55.49,13.81,12.14,167.46,-297.33,3.97,-71.28,-162.39,-45.11,97.39,-151.40,172.25,96.11,131.06,-11.89,-119.41,-71.32,-126.42,-87.59,-135.55,1.60,-51.27,-53.19,-26.66,-47.92,64.17,44.95,-135.32,41.39,-75.87,22.29,-87.36,17.19,23.30,-11.36,38.16,-134.55,-21.70,-13.34,76.54,45.10,-89.89,-37.15
-356.49,-1161.96,1004.17,328.82,646.56,190.57,16.39,167.72,-94.99,21.75,-46.35,159.94,-33.75,-17.23,-89.47,-107.55,123.24,208.92,72.35,-25.49,67.66,21.59,-38.21,52.29,-79.83,-71.99,226.69,-111.67,13.23,-205.63,48.84,58.58,99.45,116.05,120.16,-48.81,57.61,-3.98,132.05,-57.04,-22.92,-132.34,-3.23,16.81,21.85,-40.53,-52.98,83.44,-67.11,71.15,-54.45
-76.68,-778.09,-596.05,-369.66,-557.58,226.75,338.66,-92.76,-98.67,-79.04,138.84,413.85,101.39,328.98,-45.74,-200.42,19.51,251.33,72.39,97.56,294.59,-25.86,113.06,-35.99,106.49,-17.05,-94.36,-87.28,-157.18,-115.97,129.12,-10.94,85.11,-15.88,60.93,-55.66,142.86,-38.23,-15.74,62.29,-144.62,-41.54,120.55,-101.08,-21.64,-85.83,38.52,-76.02,24.64,36.68,77.98
110.74,-603.70,-52.10,-20.37,-643.84,-190.53,318.23,-57.63,-146.49,-313.88,-126.67,361.93,61.27,78.59,-24.36,-254.56,105.78,73.17,110.42,42.72,12.62,46.58,-66.46,-209.14,22.22,-128.81,-31.14,43.56,41.05,-55.82,-88.85,46.19,152.43,-71.42,33.89,215.91,47.40,-64.99,-40.12,61.99,222.87,54.93,-37.23,129.40,-60.90,-44.73,51.97,73.46,-13.02,-47.71,138.28
455.42,-698.28,-110.15,14.03,-23.97,-409.19,272.39,-319.46,-242.25,-435.66,39.28,-55.34,-173.76,159.85,159.94,-83.72,168.95,35.17,63.79,108.15,-141.50,35.77,-122.72,-9.10,17.40,17.60,-71.15,-60.72,150.88,-9.22,-49.56,-101.81,-58.35,-46.64,-111.15,146.80,-35.67,-22.91,47.14,-38.10,77.70,-89.17,-58.88,88.62,3.41,-15.81,-56.29,41.28,118.70,-86.32,48.29
263.25,-563.58,379.52,-362.66,427.26,-140.32,331.27,61.51,-173.68,-107.18,250.27,-193.15,34.77,-75.07,-46.83,-238.51,-42.93,-357.08,145.75,5.93,133.52,42.85,-15.13,-34.35,256.25,162.45,111.84,52.85,24.50,97.20,-17.62,275.07,22.01,4.68,106.79,-8.40,-149.05,164.48,-60.90,118.61,-89.35,-88.19,70.39,-95.44,157.01,114.47,-93.93,5.03,-39.72,-59.90,158.98
630.78,-669.45,903.54,-301.41,-547.53,50.44,293.37,-132.64,-124.92,58.33,363.65,-282.41,133.68,204.55,93.10,143.60,-2.15,32.34,-83.19,-76.24,23.10,-57.46,84.50,-167.52,-1.20,209.87,-52.70,39.57,-82.10,46.91,19.27,1.43,-55.07,56.12,24.04,-24.42,117.03,43.88,53.65,-46.50,-66.38,-129.46,-61.29,-17.69,5.36,107.45,-2.68,44.80,75.73,34.72,129.16
-184.67,-640.35,950.78,-301.84,302.43,94.36,-320.56,-132.21,293.22,-197.70,-78.03,80.00,161.72,-77.04,-45.51,129.00,16.27,-51.04,-167.76,23.91,118.29,15.88,9.57,-31.56,-39.06,-31.18,24.11,-18.89,-195.13,36.50,-48.23,38.83,-24.91,22.53,15.11,88.79,32.90,4.68,84.52,159.83,85.76,19.39,-18.23,-38.46,-52.57,-15.81,-39.46,-26.58,13.06,19.97,17.26
150.87,-512.72,466.74,423.54,349.29,-3.13,-120.71,95.60,-110.33,-154.83,61.71,82.19,-258.18,-223.11,152.38,-220.00,-25.68,218.43,225.27,-90.32,223.32,-206.61,-217.18,-138.77,-56.62,262.19,-3.43,-179.14,65.70,-12.66,109.62,21.03,-176.07,-6.91,72.89,-16.82,-19.46,-293.00,152.14,-54.20,134.14,218.66,114.25,-4.65,138.57,58.16,54.71,17.24,5.41,101.14,28.59
469.90,-237.74,263.90,120.92,650.17,107.89,-118.85,147.55,356.33,-50.76,-226.32,-128.75,56.92,128.43,-11.08,9.14,169.54,150.19,-44.28,-21.07,-19.87,39.67,47.14,-3.69,11.98,-78.29,126.58,-204.06,64.22,146.12,104.33,29.12,9.57,60.66,-132.80,51.71,36.73,-98.76,-66.04,-58.14,-54.85,-87.20,70.78,25.19,-58.94,-73.10,-66.24,-50.89,28.79,-51.19,5.11
372.35,-830.82,403.40,217.17,813.98,30.14,42.79,254.85,125.72,-223.48,-213.41,54.73,-198.09,-55.72,26.69,-180.01,143.34,85.65,26.65,-103.48,1.81,-63.79,56.27,-17.07,80.86,-4.86,20.89,-90.91,-80.77,-51.53,65.63,84.39,115.46,-2.17,-26.93,-20.99,58.62,-26.86,-106.71,33.62,-67.96,-85.09,-48.27,-26.89,-64.69,-17.47,42.72,-54.89,13.32,61.03,51.54
-368.11,-684.74,-54.38,-204.53,-238.52,6.20,-115.49,-178.08,-171.35,-94.50,38.81,285.28,187.52,38.39,-64.55,258.15,-61.39,88.56,-86.82,-51.57,311.33,-168.27,217.03,-33.72,69.06,-33.75,205.81,74.46,40.34,52.42,-132.37,9.64,46.21,12.43,9.59,-72.92,-14.13,5.56,6.85,-50.25,95.07,75.41,78.02,-69.07,67.17,-108.80,-92.98,37.79,-48.70,-11.19,-40.70
-102.26,-542.68,815.45,357.40,734.30,-72.16,110.44,256.00,-316.83,-42.93,-35.60,-55.34,-294.39,-92.63,-66.99,-376.56,104.53,-51.70,26.78,342.40,166.88,-116.43,-122.82,31.50,44.08,-48.67,-62.22,-121.27,121.82,151.01,-89.72,120.45,-57.24,-27.17,47.14,-0.78,10.49,-32.15,-110.60,83.39,-144.79,-78.42,56.18,-26.77,-16.78,85.89,-18.96,-46.34,37.62,-23.92,131.98
614.49,-1174.66,-854.36,-347.27,-642.11,-5.04,300.83,30.09,25.59,97.89,-2.71,58.19,-4.91,41.11,9.63,-101.61,144.95,23.18,72.14,-156.49,283.03,100.90,90.41,-88.57,-46.92,95.93,-138.90,-187.52,-90.55,170.33,-18.67,-262.34,-20.86,59.73,155.09,36.98,59.68,105.48,-78.44,-61.03,-79.17,-175.35,-125.40,19.80,133.07,20.21,-58.33,10.00,10.35,-51.81,-118.19
416.43,-728.41,-29.70,-91.90,-236.72,486.22,-115.36,68.49,-83.38,29.37,106.55,-282.07,106.99,-239.46,149.91,2.53,106.73,91.93,94.64,-202.34,-107.58,-63.65,8.66,-180.56,52.06,144.28,30.01,-94.80,64.83,-134.13,20.63,-106.10,-34.46,81.34,103.10,58.12,-194.46,6.35,124.63,-33.04,-21.65,33.17,-70.88,-34.20,-99.89,74.66,82.48,1.17,-10.85,-20.99,10.36
519.95,-747.23,-983.66,1146.00,980.60,226.59,395.13,563.71,-318.65,412.32,-369.69,312.47,-27.32,299.38,-97.00,-96.44,332.78,13.24,-128.26,-204.60,-195.98,198.01,318.97,-3.66,-28.99,101.39,48.44,-5.00,-127.98,131.20,21.91,19.76,204.88,48.07,-161.88,-68.84,-5.13,153.09,-66.49,96.18,180.31,4.13,-65.34,-302.56,-48.02,78.63,-19.03,-13.32,64.26,-126.88,5.65
-19.81,-1741.84,-378.83,719.65,377.93,353.50,71.18,643.11,-410.19,255.34,-381.47,318.33,-98.04,-109.22,-279.65,3.36,-259.66,63.72,-182.94,-114.98,-76.57,-7.08,-61.16,-180.97,31.73,-130.12,-136.74,7.06,-101.70,-160.19,10.54,-297.33,-107.24,158.66,36.12,-88.06,-97.21,-65.81,-57.10,-310.46,-5.00,84.10,-67.10,54.09,26.97,23.72,-2.12,66.48,182.25,-29.82,-11.03
-160.87,-691.54,954.07,-298.08,369.83,93.39,-285.86,-101.17,345.28,-142.64,-87.84,99.23,232.12,-107.12,-121.02,99.89,-2.51,-8.23,-172.91,61.36,104.64,59.90,38.75,-29.84,-29.15,-36.96,10.58,-51.79,-163.17,44.74,-28.25,20.71,-0.02,15.24,24.20,48.41,44.01,-44.78,78.33,106.48,-13.99,40.32,-14.20,-24.05,-90.24,11.98,-75.50,-27.83,4.24,9.56,32.55
434.42,-715.04,600.89,-486.33,356.11,-81.41,193.63,-132.63,-109.09,-225.63,338.85,96.56,47.67,-174.84,-6.38,-120.63,153.42,-362.75,158.88,174.13,-66.24,-72.42,-11.96,66.50,81.64,116.85,49.22,157.53,80.90,-27.13,-55.85,88.46,-36.40,-65.79,7.64,-41.46,38.95,207.25,-51.16,-118.99,170.59,14.27,-11.48,-72.72,93.49,136.06,72.14,-17.60,144.07,-36.99,-3.36
-576.32,-1007.50,-149.70,222.44,-598.50,-30.61,144.60,-20.26,55.46,-207.89,-7.89,176.36,57.36,-109.46,-20.72,-128.90,18.92,-44.06,32.46,-158.02,152.71,74.75,-27.44,21.91,-32.87,-66.49,-25.77,-98.94,34.82,-17.19,-31.84,86.59,12.82,-26.75,-51.45,-32.69,-98.37,10.96,-78.93,-51.13,-34.25,21.49,-11.99,87.30,-32.17,35.95,85.77,-8.32,111.25,33.78,-32.94
391.74,-584.98,177.21,-266.25,377.54,338.49,-230.39,-64.69,-46.81,-121.22,164.28,213.77,262.25,-249.85,-248.83,-65.88,-169.30,52.12,-93.45,-290.72,100.12,-37.22,56.87,-80.87,21.59,22.61,44.24,-49.34,398.72,-137.73,45.27,-12.33,-32.92,120.45,-50.35,79.37,121.53,-81.79,90.42,101.43,-136.88,-100.58,-30.11,72.70,59.65,-7.79,33.78,125.19,80.59,63.85,55.08
85.59,-1030.02,-431.38,-373.33,-607.99,-150.84,231.98,-58.11,-46.12,-130.00,123.73,336.59,124.90,305.14,-1.92,-102.83,63.71,196.20,-17.22,139.83,117.90,21.92,185.29,-79.31,60.05,23.99,8.92,0.01,-23.93,-136.81,-46.97,80.78,-0.98,-18.35,-12.50,-17.75,60.29,-21.46,-11.57,24.54,57.57,11.87,100.67,-26.07,-104.32,54.76,117.83,48.13,-4.69,-59.66,75.91
-169.74,-644.50,548.27,-607.65,646.82,-90.88,-27.35,-569.44,133.78,-247.36,-33.01,83.42,110.56,-197.75,10.62,-109.47,43.61,-297.75,278.93,51.89,-185.42,-25.22,13.09,78.89,48.48,113.68,39.96,20.44,19.54,4.02,18.79,-197.96,-21.83,-14.63,-152.74,-87.13,-18.76,-83.04,-52.91,-4.00,120.41,149.42,3.53,54.03,33.78,-60.73,151.14,20.88,-106.82,-174.91,-159.39
462.03,-129.98,906.29,-455.87,19.86,75.37,178.74,-211.93,359.73,276.18,-116.93,59.93,148.66,-118.39,95.53,-170.58,-150.44,390.21,206.03,-46.81,-17.13,228.07,-4.82,201.11,-9.57,-3.34,263.19,149.23,-185.83,-183.84,19.59,231.41,175.98,-23.20,-160.85,-262.08,-113.95,-90.71,42.37,103.54,-17.98,14.00,-185.24,61.37,119.72,35.44,-140.77,165.85,146.10,116.32,22.76
-59.79,-1467.38,374.10,-8.18,116.78,91.81,42.33,257.01,-180.32,-32.82,-214.66,-25.78,65.62,173.92,49.73,120.47,136.67,160.22,-54.90,-49.57,-10.23,-43.45,188.05,-144.07,115.49,100.53,23.31,-27.74,37.83,60.38,-81.19,6.06,-72.11,33.72,19.84,-48.61,73.76,69.51,41.02,-0.32,-55.77,-1.78,-81.35,-109.60,44.31,-2.33,-47.11,-148.09,-26.26,-68.06,94.57
-325.79,-979.86,513.97,-621.02,372.81,103.49,-263.99,-210.35,463.32,-335.20,-129.47,-107.04,282.90,-62.42,-320.68,22.51,-42.32,180.94,7.36,-63.15,421.64,143.24,301.40,105.66,-217.34,-148.21,51.63,36.16,-198.80,-84.19,-74.36,-325.71,-80.74,-195.04,158.89,34.26,-1.18,295.64,21.64,-9.22,197.10,81.55,-57.68,-0.93,-64.37,186.43,-94.98,-48.89,-73.72,-14.97,-3.68
492.02,-697.74,939.68,-541.00,-307.99,-49.23,157.19,-403.63,144.53,127.72,280.24,-285.40,-134.51,373.23,101.98,27.70,13.54,43.18,32.25,-141.93,1.69,-49.51,-2.23,-170.32,-108.94,116.93,-254.90,3.78,-102.66,143.19,30.72,-207.78,38.66,99.22,-40.76,-5.33,-5.37,63.80,-46.17,-76.02,-33.59,-84.64,-73.78,-28.80,-10.65,-51.37,-1.58,-146.80,119.73,30.99,109.54
401.29,-586.10,515.55,448.40,216.32,253.04,-72.33,-90.16,-37.00,274.88,139.62,-3.01,-128.04,-345.61,-57.01,-31.08,167.98,272.45,101.04,126.14,37.21,-202.72,61.92,31.55,7.45,114.45,-5.82,-154.05,-14.15,-197.74,133.52,41.58,135.53,17.17,64.33,77.09,-124.83,26.30,-49.92,87.74,201.43,-91.27,32.83,-219.25,-21.17,176.79,40.97,-146.30,-14.32,12.24,4.17
56.96,-338.97,534.38,-2.63,335.39,51.67,-485.30,20.61,426.29,-72.63,265.69,1.26,136.31,96.17,-148.18,-47.43,129.91,141.34,33.01,17.99,-28.04,240.73,-107.22,-86.86,-224.90,-9.90,-52.91,-51.96,-64.23,-24.43,-95.54,74.62,76.93,-124.36,87.36,257.97,-110.66,58.98,94.01,43.65,-90.82,-30.93,57.64,60.44,-66.29,-39.24,-9.52,55.87,150.87,-86.10,111.61
-143.77,-588.57,1377.37,429.17,494.21,-3.23,216.32,474.26,-350.15,16.25,-104.48,-380.80,-233.79,-92.01,-46.17,-317.68,53.26,-68.92,-8.33,384.35,204.30,-81.09,-42.33,111.28,-14.30,-42.93,-35.01,-178.24,240.30,59.90,-115.43,-39.14,-14.55,32.19,-8.73,25.87,-120.71,216.85,-42.59,45.98,-13.01,57.64,47.99,43.25,-162.45,-2.45,-143.56,-58.16,8.84,99.78,45.43
-34.58,-467.55,470.99,-244.51,758.24,72.33,-182.13,-69.29,373.08,-111.84,-98.86,25.85,188.33,-134.08,-189.50,-44.91,71.37,-44.06,114.60,-51.19,91.37,136.39,41.66,18.09,110.11,-34.15,97.60,-4.80,-23.97,44.97,95.32,-30.27,38.18,5.92,-84.54,-11.90,137.14,-65.63,-10.92,-39.17,15.92,24.29,-110.52,61.76,-56.16,-17.04,29.72,-38.07,-7.00,-31.39,91.64
1088.78,-925.76,-217.46,266.78,-377.77,140.61,-42.14,175.31,-96.16,47.08,114.06,-109.41,-87.24,-116.23,-44.08,139.05,50.77,-73.81,47.38,-133.16,-16.93,0.64,-44.48,-55.99,32.28,28.02,-4.07,45.40,21.63,140.66,-64.90,-23.16,47.05,22.95,26.88,-31.90,95.72,-75.33,-39.21,-0.96,-47.53,32.41,-22.44,-4.56,-91.56,12.28,40.88,2.24,7.39,-13.55,5.32
-51.98,-836.22,98.55,-763.98,380.74,50.78,-123.91,-627.28,39.51,-302.88,0.17,275.67,9.91,-33.80,309.18,36.57,-180.87,145.83,228.61,33.17,-98.10,-34.38,58.64,181.18,-232.15,-6.49,-160.15,47.09,149.27,-42.74,22.12,-56.96,27.11,-89.36,-190.41,-121.89,-214.47,-27.43,-35.07,31.94,-107.29,18.22,50.09,-16.49,-16.66,-24.23,-113.02,77.23,-57.66,39.93,89.86
-255.23,-801.08,-85.43,151.59,-368.92,-78.95,-266.39,86.91,385.52,-11.19,-61.30,129.02,-18.12,64.16,0.10,11.59,-18.93,49.79,28.15,122.65,-131.90,-125.70,98.61,3.17,-30.54,-28.97,74.31,53.26,-28.74,-62.85,69.53,-11.96,74.88,-82.88,159.46,124.66,-3.26,131.82,-96.97,96.04,20.95,-53.96,-4.64,71.51,43.09,-36.31,-84.73,31.31,58.45,-139.62,-9.49
-32.53,-498.20,-78.61,388.06,-262.39,12.23,-125.25,70.89,268.90,50.46,-157.98,277.85,-0.18,-121.60,5.07,164.49,-89.65,10.76,63.26,40.55,-40.78,-67.16,-41.86,-104.48,1.69,100.32,46.67,32.51,14.00,128.90,94.50,101.86,-3.41,-15.28,-31.37,50.57,106.62,114.94,37.49,43.54,-60.00,-34.91,46.98,82.45,95.46,3.08,-24.50,-27.48,-27.18,43.90,-66.38
140.81,-529.12,-233.68,71.63,-234.17,-103.59,-450.22,8.40,324.33,-51.48,296.15,72.13,-42.58,23.67,-85.15,-162.49,25.90,-41.23,36.93,30.95,-51.18,-0.00,-16.12,-143.65,0.05,265.08,152.93,48.38,-192.61,-18.23,-118.28,23.35,-82.54,-28.38,66.00,213.48,-118.54,-55.66,47.06,91.92,60.52,-70.40,4.24,58.39,106.25,-196.91,-37.07,-162.70,132.81,-48.60,-46.33
-168.29,-745.27,-124.78,107.32,-242.22,261.45,-289.15,105.40,365.43,-5.21,-77.19,245.39,-97.45,-51.88,-22.10,8.71,-10.25,-124.61,-86.36,42.98,-117.31,-80.94,-23.24,-85.11,26.13,-40.56,-94.74,68.59,-3.45,-40.84,165.62,87.39,5.33,79.80,14.10,66.27,-33.15,80.98,50.82,84.52,66.72,-47.82,-115.00,-17.38,-50.73,80.30,-19.40,-20.43,-180.80,31.71,64.32
-112.74,-598.79,-162.24,220.57,-232.96,-46.20,-284.98,9.18,421.07,-46.02,-12.23,244.37,-31.83,-26.56,22.21,51.19,13.82,13.77,-2.16,111.62,-42.80,-123.89,-22.79,-108.85,6.60,11.01,91.30,128.48,17.00,96.06,89.95,109.68,53.03,-117.91,25.16,-36.44,-55.37,209.14,27.42,10.62,20.20,55.55,-2.92,50.10,-28.45,-95.19,20.87,-90.59,-56.21,11.49,76.22
28.77,-458.50,-144.75,378.39,-163.44,6.14,-70.04,19.15,344.07,85.20,-145.68,241.69,-39.81,-80.87,60.77,136.36,-137.64,-49.43,40.30,44.41,-75.00,-98.77,-23.65,-126.97,-10.61,123.92,40.59,108.47,16.42,86.86,197.15,119.80,-32.80,-58.84,-102.49,29.98,122.16,142.61,58.92,62.58,-82.67,56.61,70.44,87.90,37.32,32.87,67.22,-29.82,-21.72,9.54,-49.74
-111.55,-387.81,-71.61,445.59,-167.42,-137.43,43.02,153.19,179.52,-117.18,12.92,-132.53,-66.92,175.68,86.42,100.80,-24.13,27.48,49.80,14.35,2.93,-40.61,8.75,142.85,-49.27,153.39,125.46,84.22,14.55,87.97,25.34,-113.85,-31.17,33.68,64.93,5.95,-96.72,-15.81,-68.51,104.11,-26.03,7.00,-33.01,-45.70,0.22,21.24,20.44,57.53,59.05,-18.62,-108.60
-111.85,-568.99,554.79,235.91,-75.05,2.26,-116.68,28.54,323.90,-136.66,-75.17,34.42,-124.57,225.31,105.33,-25.98,-94.88,152.85,-134.52,87.66,-63.12,-131.54,-85.44,26.08,35.94,21.37,107.10,100.70,-21.94,-1.25,95.85,67.32,-63.78,-36.67,68.73,-2.51,-69.82,-14.43,-37.10,-31.52,12.80,46.06,-18.82,-11.74,-22.87,4.27,-40.38,-2.47,-42.07,-65.72,-16.08
606.13,-775.56,279.75,513.76,-463.00,120.87,-279.04,55.43,159.17,106.38,149.19,122.01,-76.35,102.27,-126.12,15.87,140.44,64.78,100.26,57.21,-195.11,-61.15,-46.18,12.96,-71.29,-108.17,-15.51,117.14,-2.87,4.83,88.78,-41.42,29.59,8.26,48.01,13.00,-63.76,-18.67,-78.48,-83.66,19.49,-13.87,-83.43,22.55,23.86,11.12,-101.82,70.77,-11.73,9.99,5.12
-214.84,-736.66,-25.88,240.81,-403.99,-394.74,72.35,164.85,213.46,136.15,-71.39,60.42,-78.72,-42.55,205.83,144.43,-32.96,155.34,164.46,226.70,-110.81,-41.79,-26.74,155.74,32.82,220.45,117.66,121.00,10.49,65.11,90.31,-195.92,16.62,-35.87,88.74,45.05,-23.07,-94.27,-80.25,13.36,-117.14,-98.66,76.49,4.23,9.88,44.99,-53.14,-5.05,29.69,-71.21,-93.78
-39.90,-652.89,608.23,519.29,-101.67,3.83,31.09,206.67,110.32,-104.22,-207.29,33.44,-61.47,141.44,67.18,58.04,37.62,116.20,31.92,-18.55,-60.11,-162.47,110.10,15.63,71.19,101.07,31.68,12.40,-69.76,156.01,67.73,-111.36,-78.90,-53.76,-26.18,17.10,23.67,-18.67,128.09,23.51,83.36,12.15,43.34,139.05,54.52,6.63,-146.73,29.02,-25.35,-93.66,-60.10
-37.48,-912.31,-49.05,245.96,-235.74,-182.79,-168.13,183.29,411.19,-120.16,-161.97,58.91,29.63,58.39,20.76,73.31,-52.55,51.85,56.94,70.00,-66.11,-12.57,-15.63,34.73,-15.30,-29.02,2.89,18.60,8.54,88.85,59.28,-21.94,36.47,85.05,-52.53,87.96,71.07,17.73,-16.27,-31.45,-10.21,25.08,16.19,42.52,-38.82,52.26,-43.50,55.55,77.79,63.71,-65.64
749.07,-561.12,-453.43,-198.69,280.13,-438.13,143.81,-92.87,10.20,273.54,-92.20,-67.54,79.82,-16.34,-232.22,-157.28,-176.42,80.98,189.83,173.14,28.27,-19.92,60.23,-59.38,59.15,4.29,-176.04,236.67,-31.08,-113.38,-31.64,91.30,96.16,26.67,-46.96,38.61,-106.68,80.50,-34.41,13.77,-86.42,25.17,-16.72,10.55,-98.27,-48.54,-29.58,-111.69,-34.55,78.81,-94.25
778.59,-551.97,194.86,161.54,291.04,-75.47,-313.69,-161.58,-142.59,312.76,312.31,-263.07,35.02,128.59,-135.69,154.97,9.16,23.09,-13.27,-24.83,-139.15,-158.71,-77.19,113.22,91.18,-35.65,-38.34,104.57,38.71,-110.48,-147.84,4.08,45.82,61.17,-9.02,33.74,-70.19,-100.33,-33.58,-4.36,-36.19,-42.80,15.73,-162.14,-3.35,-14.27,-31.58,85.31,-153.47,86.64,-37.09
