901.64,-252.09,-1346.68,-551.74,385.14,172.63,-160.32,71.46,256.35,260.07,126.48,-137.88,-59.12,-133.43,-156.47,-119.62,29.89,-40.31,-57.22,-127.26,-119.21,141.99,55.08,215.39,-75.41,-97.37,-192.04,69.56,-140.45,142.18,9.15,111.52,29.30,-13.90,-92.83,-120.86,21.96,61.55,-48.77,-34.05,-68.25,-75.48,-130.06,-42.65,25.04,-1.94,-20.27,71.14,-17.18,-60.78,79.33
1162.32,-86.42,-586.52,67.24,-129.91,195.00,-284.45,462.72,51.58,391.83,-148.35,-51.73,-10.02,76.22,-49.09,-491.90,-315.17,58.90,27.49,-195.26,-38.36,-29.46,60.54,-66.90,-30.93,30.17,-130.52,11.33,-70.81,-234.46,-23.26,-23.81,128.33,-4.97,83.47,18.62,94.64,65.92,98.09,-12.63,-17.93,-9.42,-34.23,77.01,-1.50,74.35,54.99,-34.83,-90.00,-16.02,88.41
726.80,-172.46,-1510.49,-539.45,38.86,250.78,-358.19,32.66,253.22,313.32,166.16,37.68,-33.59,-75.61,-270.60,-113.55,63.36,49.28,-224.65,-277.07,-148.66,116.94,7.94,112.35,-78.85,-45.83,-64.89,19.83,-167.16,108.29,31.85,21.23,55.47,-55.87,-140.94,-116.85,100.64,33.11,25.56,1.39,64.34,-91.43,-101.76,-42.34,-3.60,4.70,15.92,1.76,-44.00,-13.10,69.09
1395.47,-393.63,-952.80,-92.41,204.90,191.10,-166.65,223.72,354.07,98.10,-109.53,-75.52,149.58,17.48,-57.66,-182.30,-33.29,19.64,-75.03,-116.41,-86.92,286.39,-27.75,143.78,56.01,-83.03,-76.86,-6.94,-149.83,72.44,39.33,143.85,115.57,-55.12,-112.86,9.15,98.79,61.88,9.03,-50.20,-6.06,-79.07,-119.50,-44.66,-56.92,18.19,20.73,54.17,-33.85,-10.41,98.04
1044.40,-658.39,-1742.20,-505.59,186.71,251.05,-74.70,399.88,424.52,353.38,-28.05,-21.86,78.92,-198.89,-346.74,-177.93,2.19,47.21,-171.47,-235.71,-268.56,158.22,98.82,196.24,-2.42,-149.68,-173.63,24.52,-160.00,161.64,14.78,156.77,55.34,75.17,-107.82,-81.72,203.53,87.35,50.73,-3.71,-67.51,-80.36,-134.33,-47.05,-8.64,51.63,79.67,122.14,-29.48,-118.87,130.95
642.67,-1190.59,-1749.42,-453.77,49.89,242.17,-132.90,289.89,686.37,235.37,-233.79,-150.96,-19.84,-12.82,-117.92,-235.94,178.85,36.44,-127.86,-228.21,-256.45,204.67,144.90,284.13,34.57,-239.78,-113.73,50.23,-191.20,157.55,40.14,155.54,106.32,46.77,-76.83,49.50,222.89,31.55,28.56,6.06,10.98,-72.25,-157.95,-35.97,-6.59,65.97,141.57,118.93,47.51,-136.38,120.37
1851.46,-692.50,-624.60,-432.35,173.03,98.77,-58.19,738.27,353.84,335.52,-227.05,-279.22,241.63,-230.77,10.40,-394.76,17.18,60.93,-68.02,-225.89,-192.19,271.53,158.03,362.93,116.17,-9.76,-116.65,18.30,-247.66,54.71,17.14,226.42,137.41,-120.33,-12.18,25.59,123.81,117.65,90.25,-61.54,-67.15,-142.98,-209.17,-44.86,-18.84,132.04,104.51,122.57,-82.83,-114.17,197.24
670.58,-1181.85,-1738.33,-441.77,-57.77,344.34,46.85,486.62,778.01,107.34,-255.50,-204.46,50.87,-57.25,-82.08,-126.47,123.61,76.64,-105.46,-187.58,-278.13,152.93,160.22,312.55,42.66,-241.31,-164.30,-18.45,-303.85,179.79,29.95,223.14,55.63,-10.46,-2.62,18.25,142.67,24.95,99.07,-19.90,26.72,15.64,-200.77,-16.78,-1.02,18.00,84.96,13.00,-101.37,-79.88,166.42
679.61,-1160.34,-1784.08,-415.17,-90.47,319.25,40.13,442.22,785.32,88.52,-255.95,-241.64,37.19,-75.54,-67.87,-118.78,93.87,135.59,-81.33,-185.06,-278.33,167.07,166.19,289.21,31.02,-236.32,-167.88,-22.21,-271.09,196.44,22.85,202.05,57.87,1.03,-18.56,32.06,131.86,23.62,124.29,-26.71,27.99,6.82,-183.85,-15.08,-46.20,12.27,56.86,26.34,-60.26,-64.36,159.63
674.76,-1292.80,-1648.87,-426.05,-4.37,312.09,38.69,525.49,764.12,187.34,-241.74,-180.36,59.98,-55.10,-187.98,-189.41,143.82,51.11,-35.39,-178.45,-254.33,205.50,155.05,351.99,36.23,-272.43,-124.81,-18.35,-258.87,191.14,26.97,191.64,7.33,6.72,-68.85,25.92,202.32,-36.20,-7.03,-13.80,16.68,-39.96,-157.10,16.58,-22.76,60.99,103.53,73.12,-10.81,-174.31,168.49
1302.94,-641.59,-1369.01,-211.99,225.06,165.55,-496.05,693.72,358.56,319.56,162.81,-200.16,-41.67,-86.28,-309.67,-398.91,-128.67,-183.55,91.27,-253.93,-181.84,276.25,-86.10,73.35,-118.13,-157.64,-209.89,-7.63,-19.13,36.89,-106.80,34.06,100.65,36.08,-128.77,-15.95,144.48,75.56,78.80,-65.57,13.48,-147.95,-27.38,39.65,-83.81,32.84,17.35,48.19,-98.57,29.27,188.49
1656.67,66.18,-1608.25,-310.71,366.98,267.43,-326.53,257.81,311.60,325.98,-17.84,-37.43,1.69,-85.34,-116.09,-328.05,-156.80,22.59,-41.94,-229.29,-121.33,192.60,102.04,88.68,-113.33,-72.72,-167.02,5.92,-53.79,39.16,-7.77,107.49,125.41,-73.24,-65.29,-57.96,50.98,33.59,44.25,-61.48,-33.69,-25.33,-107.97,-32.20,-33.17,23.63,16.81,73.00,-56.08,-34.99,75.12
1666.13,29.31,-1624.43,-315.46,345.55,281.83,-333.59,261.19,299.50,327.41,-9.89,-48.55,-11.50,-85.87,-131.44,-326.59,-171.82,36.87,-58.46,-208.22,-113.77,206.77,110.73,85.94,-119.27,-87.02,-159.78,12.83,-52.63,45.21,-9.88,116.93,128.09,-80.43,-69.05,-55.05,56.36,29.97,38.26,-63.31,-29.61,-13.23,-104.17,-35.79,-32.93,21.66,-0.22,62.74,-52.60,-39.91,92.06
1821.79,189.07,-1515.59,-273.71,428.28,306.16,-227.99,268.86,314.20,334.22,-22.27,-87.74,-0.04,-136.06,-159.75,-370.95,-74.03,29.49,-19.07,-250.81,-131.91,171.50,85.05,110.15,-125.02,-108.04,-226.48,28.37,-16.91,56.76,-17.34,130.45,144.86,-90.03,-61.72,-73.24,38.82,42.68,-0.54,-78.84,-40.41,-28.40,-101.04,-42.87,-69.17,10.71,-18.37,43.82,-48.74,-3.30,78.92
1519.99,-684.05,-1357.28,-326.52,217.43,221.60,-387.14,865.88,303.05,244.11,-186.91,-166.40,19.53,-13.40,-196.46,-559.46,-135.18,-101.87,-81.79,-142.18,-264.36,153.36,128.68,390.63,-82.25,-40.07,-136.69,46.90,-145.49,-11.93,-112.49,91.07,17.48,-140.18,-17.11,89.60,80.79,63.98,99.01,19.07,-42.55,-143.09,-9.85,-111.25,-16.61,74.24,140.23,165.92,-143.02,-110.09,134.94
1232.50,-889.20,-1535.39,-448.67,131.62,347.83,99.63,240.06,653.22,58.75,-322.06,-27.50,30.23,-69.08,122.96,-26.54,-17.40,40.93,-206.28,-185.80,-253.62,364.33,233.91,119.47,41.92,-140.41,-116.36,20.09,-76.84,110.70,34.84,172.49,109.02,13.51,-71.23,42.72,175.22,19.86,9.52,-85.16,-46.12,0.22,-196.72,-67.43,-54.66,40.64,62.45,78.60,-2.11,-75.02,113.39
1483.23,-420.32,-1238.79,-192.80,350.64,209.82,-334.76,581.52,400.11,357.65,10.93,-55.96,-110.07,159.15,-311.58,-403.10,-273.67,-296.31,77.27,-232.88,-194.98,288.12,20.22,110.23,-149.68,-72.40,-130.06,-102.49,-89.40,29.29,-7.63,25.57,48.15,-32.99,-44.38,3.43,66.96,68.08,90.79,146.62,-9.95,-107.56,-68.72,45.93,79.15,11.74,56.16,57.46,-187.32,-67.84,117.32
1583.28,-346.77,-1382.55,-243.06,578.81,244.04,-216.62,622.52,402.49,304.19,11.01,-171.58,64.15,-49.41,-236.90,-291.58,48.59,-63.18,20.10,-80.33,-266.68,164.35,60.13,190.38,53.90,-112.69,-200.12,-29.37,-92.60,93.35,-4.47,114.43,89.71,-89.98,-138.51,-83.05,32.13,7.46,54.51,-44.67,-24.57,-80.99,-73.97,-24.34,-30.86,135.73,81.32,106.43,-49.81,-62.52,140.95
1418.18,-181.60,-1736.98,-244.00,363.37,166.83,-428.33,125.98,421.59,303.70,-12.43,-109.81,29.86,-126.99,-186.34,-344.67,-83.19,55.76,-158.86,-201.42,-153.72,167.33,101.77,157.95,-22.70,-97.19,-75.41,-15.76,-154.72,64.81,-39.10,156.64,80.21,-92.76,-36.29,17.81,95.18,82.98,77.21,-46.83,-41.82,-66.54,-89.50,-47.70,-82.70,1.67,62.09,56.34,-2.27,-64.55,127.26
1310.97,-368.82,-1488.68,-296.47,463.87,266.71,-205.03,496.66,450.92,255.26,21.44,-145.13,41.09,-141.32,-206.08,-172.05,41.28,8.76,-95.48,-117.39,-239.18,181.78,50.78,196.67,-21.14,-84.74,-140.23,-4.32,-121.61,123.57,3.15,124.27,56.58,-68.46,-61.83,-60.63,36.14,39.16,57.91,-35.25,-21.45,-90.37,-143.66,-67.31,-3.11,66.37,69.33,82.06,-26.30,-71.01,157.47
1745.77,-552.75,-1561.39,-224.31,278.83,150.56,-363.09,574.57,471.84,397.23,20.62,-65.97,-98.65,-14.95,-157.29,-594.05,-174.79,-59.80,-11.86,-354.26,-156.12,244.52,228.37,177.63,-116.81,-145.88,-207.02,-30.48,-163.27,42.82,3.81,147.34,162.16,-50.46,-63.02,-9.36,96.96,86.36,96.16,-43.68,-63.97,-69.74,-208.52,-24.77,-64.92,78.40,67.25,25.54,-55.22,-112.44,186.82
1893.98,-529.03,-1184.31,-309.73,243.13,335.60,-16.69,530.85,662.96,143.79,-256.09,-169.41,185.01,-27.78,108.66,-292.02,7.33,86.09,-33.30,-201.13,-73.32,236.41,204.51,253.62,60.33,-216.75,-96.21,37.78,-102.05,168.66,125.13,198.09,146.12,-38.05,-46.49,-25.69,123.26,54.39,24.50,-6.78,-15.64,8.00,-131.75,-94.91,-94.11,64.00,103.15,76.43,-59.72,-47.21,114.48
1009.83,-468.04,-1559.54,-166.08,379.91,172.71,13.80,9.40,561.21,-41.25,-142.06,-167.79,6.75,-71.16,-38.20,-121.41,52.57,80.88,38.75,38.57,-107.51,180.27,-12.52,245.05,-14.76,-176.34,-122.48,59.33,-200.60,92.42,12.04,151.43,79.67,14.27,-54.58,-39.42,35.63,4.26,-54.91,-136.79,26.64,-18.22,-128.18,-59.35,-47.21,-53.45,-8.07,58.93,20.96,-37.55,81.17
659.79,-532.74,-1677.91,-363.51,332.64,205.84,-159.71,144.38,429.09,14.18,170.00,-117.28,-108.83,-100.18,-105.18,119.56,-77.44,-4.42,-167.79,-45.87,-89.12,143.12,48.74,260.62,-39.71,-148.09,-95.48,41.62,-122.53,156.76,-90.19,81.12,85.00,-91.24,-152.60,-99.62,4.72,37.82,-53.88,-20.78,24.90,-60.72,-149.09,-62.81,5.61,-8.95,-10.39,49.56,8.65,-22.48,110.73
1166.65,-917.91,-813.06,-252.26,-113.94,67.50,-427.48,521.52,245.16,198.34,11.49,-11.14,-105.03,90.35,-101.50,-415.70,-272.79,-192.74,-32.91,-147.15,-93.66,75.79,138.55,268.20,7.51,15.09,40.42,-59.47,-301.49,-138.63,-50.78,3.99,30.34,20.46,-23.22,1.62,10.62,73.09,140.40,115.31,-25.37,-192.07,-116.87,-45.49,32.93,91.89,114.24,131.74,-139.38,-139.70,152.57
931.54,-556.99,-877.08,-11.45,572.08,364.67,44.06,618.59,416.09,105.25,-141.62,-135.12,94.04,-149.16,-135.04,-166.70,-12.13,-14.42,43.63,-35.46,-164.79,147.45,80.40,154.35,-8.02,-120.03,-178.31,-70.45,-70.88,105.57,-45.44,89.74,49.63,-43.74,-26.03,-55.89,50.08,16.28,15.23,-42.86,-20.02,-53.77,-32.14,14.23,-21.51,136.05,55.80,88.88,-27.84,-58.51,121.64
1616.94,-821.95,-1334.73,-193.28,-95.27,224.81,-0.11,205.82,238.01,132.47,-156.88,-30.38,-90.25,-183.32,-178.34,-226.84,-346.74,-146.03,-72.81,-167.31,-132.77,219.10,50.23,235.22,-64.75,-77.21,48.96,-54.80,-191.86,-21.11,-36.59,81.06,103.39,29.58,-60.02,42.12,41.34,87.95,85.01,-19.28,-107.35,-113.66,-146.75,-56.58,-12.32,26.69,41.30,127.40,5.98,-116.30,145.55
2125.42,-517.09,-1381.24,-120.89,231.73,444.63,20.55,616.81,392.41,314.40,-130.92,-63.83,36.49,-147.22,-269.74,-448.10,-153.08,-130.85,99.19,-134.54,-229.09,269.38,23.16,296.05,24.04,-125.74,-108.46,-1.04,-168.27,58.10,-9.93,147.36,135.82,52.99,-57.35,-2.38,36.10,38.59,-11.29,-26.46,-77.66,-93.88,-124.97,-75.13,-52.45,40.35,102.45,90.85,-94.73,-78.89,148.72
1323.71,-871.89,-1776.21,-326.48,80.44,204.12,-137.68,364.56,512.10,275.00,-79.91,-70.45,26.35,-220.06,-143.48,-291.88,-239.00,-143.00,-58.51,-92.72,-205.22,207.64,9.86,283.63,29.07,-193.62,-96.96,-1.49,-225.22,76.09,84.88,113.45,92.66,-43.74,-30.78,17.09,58.57,120.12,109.55,-38.25,-53.45,-164.19,-116.69,-71.10,26.12,2.92,103.39,67.11,-138.00,-49.75,169.41
1468.44,-869.74,-1532.92,-288.09,-66.65,245.46,-76.64,219.94,492.99,243.16,-216.07,-88.62,-21.51,-33.54,-192.90,-274.43,-350.35,-259.34,-32.35,-127.59,-158.23,310.11,-66.38,179.92,-85.24,-68.21,-6.56,-27.49,-160.82,16.83,-8.26,136.08,123.38,-18.73,-74.84,87.68,71.95,60.14,114.62,25.58,-0.01,-109.30,-101.52,-59.15,11.54,21.05,69.72,89.30,-75.15,-9.90,46.47
1734.29,-453.84,-1423.22,-85.51,443.92,306.01,-9.09,551.76,457.98,165.92,-260.49,-62.39,84.25,-92.03,-175.58,-429.19,-127.94,-31.40,18.87,-151.70,-179.47,194.11,115.27,181.69,2.74,-171.86,-162.17,33.09,-77.59,62.06,-56.07,126.57,162.55,52.88,5.78,54.19,81.51,-46.91,34.27,-36.72,-42.50,-26.28,-57.70,5.28,-26.56,120.65,74.20,26.91,-38.67,-130.92,127.87
1775.13,-582.63,-1114.55,-182.08,80.59,302.26,-88.51,588.64,175.97,172.32,-306.08,-91.30,144.79,30.51,-16.63,-383.53,-285.10,40.23,13.71,-138.82,-79.64,83.22,229.76,223.52,-93.05,-110.65,-58.04,-13.06,-240.35,-1.98,29.07,122.27,44.18,-53.57,-62.64,93.30,-7.59,-7.04,141.03,-1.17,-0.49,-23.91,-53.24,-146.91,-68.61,28.64,162.69,124.97,0.93,-83.75,116.74
2107.32,-350.28,-1983.63,-206.23,317.66,321.19,-348.77,418.97,407.31,294.57,-64.57,-48.04,-54.97,-172.67,-162.07,-585.03,-148.46,48.18,-48.72,-269.72,-116.72,274.30,217.57,314.57,-89.93,-136.22,-208.76,-5.97,-179.17,27.22,-32.14,175.67,109.15,-85.77,-91.80,17.23,58.17,43.69,102.10,-86.54,-33.78,-85.58,-170.82,-105.12,-59.54,40.16,51.10,76.37,-79.71,-82.21,159.16
1219.54,-854.38,-636.79,-27.77,441.65,-31.93,3.20,814.53,264.51,312.39,83.61,-49.77,95.77,-147.40,-246.46,-337.99,-108.80,-75.51,122.38,-13.78,-233.39,186.31,48.81,285.12,-4.63,-18.20,-39.19,55.43,-191.64,73.20,-113.67,4.31,-40.13,60.45,4.14,104.81,21.98,58.76,0.89,26.41,-133.40,-193.86,-146.33,10.70,24.29,6.59,133.58,167.12,-20.90,-116.77,117.10
841.59,-1358.91,-1514.85,-443.61,231.78,200.89,-77.94,627.46,579.80,108.60,-101.33,-80.64,19.32,34.28,-26.79,-311.13,80.11,1.25,-238.31,-164.84,-123.59,267.84,-10.27,414.30,-45.62,-202.29,-204.44,-34.69,-167.60,67.94,44.70,39.07,33.05,31.83,-172.59,50.18,117.37,85.17,150.02,24.82,-11.34,-161.16,-63.07,-9.87,74.50,46.05,161.17,195.26,-26.19,-95.34,147.28
829.07,-777.95,-1386.48,-228.81,101.84,183.99,-336.54,14.49,421.35,7.84,-106.85,-10.40,-46.64,-39.78,-98.05,-170.88,-98.00,-80.22,-225.91,-234.37,-108.07,157.06,36.19,156.66,0.20,-89.20,-88.09,2.19,-131.36,21.26,8.09,54.07,107.31,-61.15,29.99,39.93,49.17,31.33,80.17,14.79,75.43,-93.93,-100.01,28.42,2.27,-3.04,6.75,47.48,-44.93,-89.82,29.84
1778.67,-60.70,-1881.52,-287.75,362.69,336.97,-290.15,129.97,444.77,275.83,2.36,-33.36,89.78,-180.94,-197.75,-295.83,-80.42,25.38,-113.35,-250.58,-137.00,301.75,97.95,104.59,-21.88,-93.65,-209.07,52.90,-83.51,44.38,-34.27,126.91,98.74,-64.50,-91.89,-17.63,124.54,34.61,83.89,-36.85,-6.71,1.28,-162.81,-70.93,-61.44,-28.23,45.63,66.92,-52.81,-19.50,58.89
1815.63,-338.32,-1271.97,-153.60,81.14,235.07,-345.51,450.08,313.41,256.86,-149.49,-88.31,-33.01,41.63,-193.77,-405.28,-268.01,-118.88,14.03,-250.19,-178.75,242.21,114.06,183.34,-155.14,-49.08,-111.99,-37.26,-131.33,-34.08,-15.93,101.41,59.88,-73.76,-40.01,24.53,7.21,39.94,112.13,-25.21,-15.52,-89.77,-112.44,-14.03,-11.73,22.98,46.84,50.67,-94.10,-63.28,85.22
