393.07,-673.20,-678.89,-395.04,37.92,-38.57,19.02,244.27,267.98,259.76,80.96,-43.76,-167.45,-4.28,-82.09,-6.59,-187.22,-66.50,-11.38,-18.74,-58.18,212.15,-21.71,149.69,-39.86,-59.24,28.91,47.42,-150.85,113.17,0.48,90.35,59.50,34.01,-107.32,-8.58,46.07,83.42,35.60,-37.26,-19.53,-1.52,-73.35,-24.70,-39.62,10.55,89.94,104.52,-20.97,-36.54,34.63
214.31,-947.79,-743.84,-612.44,322.76,-181.02,9.42,-15.12,388.49,-22.11,199.14,-174.48,-193.36,222.54,-41.76,102.64,54.50,-155.80,22.40,9.04,-141.01,213.03,12.12,408.44,88.04,-15.41,-43.62,169.46,-311.81,54.79,10.22,18.15,-54.06,34.90,-167.45,-121.63,-26.51,94.20,22.19,3.87,-22.94,-145.08,-206.24,-51.43,58.56,41.16,111.87,164.45,-5.55,-159.20,137.91
600.51,-597.21,-472.46,-253.75,90.53,-157.66,82.11,102.14,280.07,36.30,-34.14,-46.43,-77.65,-59.63,89.99,-9.66,-243.67,-32.20,43.34,-9.81,-143.00,260.87,21.89,40.47,-33.31,-43.08,-2.92,58.11,-197.89,131.40,25.62,-29.28,-38.51,52.42,-84.60,85.64,13.89,70.73,57.16,-37.70,-76.78,30.29,-56.89,-71.11,66.47,-52.96,158.51,95.57,98.51,-6.81,31.56
250.11,-384.02,-416.02,-249.31,-22.72,-201.84,-17.24,48.19,196.79,90.27,101.18,-102.27,-228.95,-250.84,-36.66,1.55,-11.92,10.47,181.96,-17.59,-87.56,74.07,34.24,8.65,47.85,-38.16,-35.93,12.44,-26.38,56.17,-29.37,16.72,21.38,25.02,-62.14,-24.18,33.52,66.83,26.99,-83.52,7.23,-42.70,-37.53,-55.04,-60.38,75.86,-15.23,19.69,15.70,-26.49,30.10
256.70,-286.49,-554.72,-399.27,21.87,-176.27,-41.80,-89.81,254.03,157.31,73.29,47.75,-91.41,-156.58,72.41,8.29,-8.74,-11.81,-64.75,13.33,-28.91,121.39,-2.79,-2.56,35.87,-63.55,54.83,-6.60,-5.00,113.04,22.54,72.09,19.15,132.24,-56.10,83.90,56.89,59.08,55.85,-17.18,-23.47,47.31,-68.52,-28.31,38.90,-7.63,36.19,31.20,-1.04,-14.05,18.84
346.44,-321.60,-453.63,-536.98,190.42,-262.77,-19.14,523.25,331.45,307.43,-139.94,-155.05,-49.06,68.63,31.57,-106.48,-35.35,69.97,30.42,-124.65,-1.68,9.66,114.37,77.07,119.12,9.38,-24.81,24.28,-53.13,91.68,-156.60,-4.86,23.86,0.68,5.55,17.44,113.36,65.04,10.06,33.93,-80.92,18.32,-123.35,-19.25,76.29,79.38,-2.28,1.29,-92.43,-2.43,62.77
469.81,-1121.77,-599.26,-438.04,116.00,93.71,-236.16,187.60,202.06,88.59,-81.61,-125.36,-20.75,30.26,-21.98,-88.09,-1.69,-83.02,-17.86,-21.75,-107.72,237.16,-53.28,394.82,54.73,-39.64,-8.39,0.41,-269.54,101.15,-11.66,105.66,95.25,-20.93,-84.23,-31.22,30.81,118.25,66.86,-28.11,0.88,-79.90,-136.65,-27.73,41.70,29.63,68.12,112.89,-75.19,-74.98,144.64
307.09,-834.90,-910.84,-299.82,98.09,-89.19,-24.06,358.85,351.58,200.02,-58.83,-80.98,45.18,-102.35,-198.88,-101.34,11.51,-53.26,-22.35,-112.55,-212.56,133.27,-37.82,115.53,67.96,-58.79,-43.09,23.91,-140.07,142.64,-8.22,42.94,7.19,59.39,13.64,1.59,115.34,26.75,63.27,57.74,-54.19,-150.78,-102.81,23.72,86.16,78.35,32.67,118.46,26.90,-141.89,148.06
438.86,-397.24,-646.62,-499.64,138.57,-94.00,33.04,222.03,217.19,182.46,89.62,-41.61,-85.05,-111.22,-50.21,-30.31,13.94,-163.23,57.37,16.07,-113.91,158.93,-66.13,124.97,-4.19,-49.50,-57.74,69.51,-62.28,148.55,-12.35,69.21,57.07,71.81,-64.03,-79.59,35.37,72.07,22.84,-48.01,-27.04,-77.29,-45.95,-32.69,-1.46,18.72,-30.82,65.45,-21.86,-7.94,38.34
646.89,-135.97,-86.09,-486.76,-311.10,174.22,178.75,-116.16,247.19,-93.22,-48.43,-0.04,-138.18,66.71,-17.95,47.78,256.51,25.22,-147.26,-151.94,-91.93,4.23,-30.45,93.14,36.52,-24.56,17.74,15.50,-39.08,-54.05,34.18,1.28,73.04,-13.05,-90.08,-94.03,52.08,79.24,14.29,-32.76,39.35,-53.15,-132.47,-85.61,-59.39,-51.39,-77.94,-10.77,21.13,77.60,-45.79
-306.57,-316.43,-131.97,-677.65,-36.98,-200.59,181.60,-126.31,-11.74,115.37,48.12,-22.17,-144.63,-160.28,98.44,356.06,148.78,-63.43,-3.88,68.13,-130.66,62.54,-96.78,82.46,54.05,-69.50,22.27,-61.03,-19.83,49.07,-34.89,0.43,-9.72,161.32,-22.69,-29.99,25.83,81.02,46.28,-34.81,11.17,-43.69,39.79,39.15,17.39,11.51,34.92,87.74,49.18,-60.37,-72.69
-475.98,-1209.85,-753.26,-422.16,-158.85,-220.57,199.28,221.75,241.02,46.67,-165.97,-152.53,-47.31,-74.29,19.78,24.83,-167.35,-126.73,16.94,184.06,-37.94,154.29,-161.37,208.19,-14.20,15.33,55.37,-54.68,-187.20,91.24,-17.20,20.95,21.20,72.81,39.93,136.71,36.32,97.14,58.98,56.91,-50.22,-73.90,-66.25,-21.30,139.94,-24.13,73.09,143.23,-37.95,-96.95,55.39
633.71,-418.79,85.89,-499.10,-260.04,74.68,5.73,316.70,144.19,207.73,0.38,107.17,-80.65,16.74,-105.68,-39.97,98.32,-128.77,-136.51,-85.85,-112.77,28.85,-52.35,185.59,60.90,-41.86,70.38,26.72,-85.76,11.42,11.07,33.47,81.44,15.72,-80.72,-88.23,6.51,177.48,48.19,11.94,-34.31,-113.71,-105.24,-79.02,-28.95,41.22,82.92,76.63,-41.69,-23.99,41.09
-141.36,-502.85,-535.12,-475.78,112.37,-281.15,276.14,84.98,256.80,41.16,-16.52,-2.94,-142.18,-40.95,97.85,216.66,11.68,-141.93,133.64,151.22,-154.22,151.48,-164.52,111.94,-0.47,13.22,-32.74,86.07,-45.19,144.57,-14.42,-11.16,6.03,50.39,-77.48,-46.51,45.41,79.46,-0.47,-17.92,6.08,-31.03,-57.37,40.33,50.76,13.60,-1.83,131.71,-26.69,-13.96,-16.33
225.84,-407.63,-777.68,-264.90,274.27,-117.65,-148.32,194.18,241.33,8.28,125.25,42.79,-141.52,58.88,-226.08,-61.61,69.30,-200.26,93.95,70.42,-107.55,149.28,-158.66,218.55,-17.07,2.05,-61.26,-6.99,-50.69,95.27,-94.79,-111.08,21.03,-42.95,-37.53,-24.14,20.72,15.57,-77.83,44.78,8.30,-85.45,3.77,45.01,37.95,33.75,7.76,129.03,-53.82,-35.02,30.42
369.20,-477.29,-715.47,-153.25,204.35,-261.05,3.49,18.64,277.83,-224.06,-25.99,16.06,-53.75,10.97,47.28,74.74,-123.14,-88.76,-117.68,198.95,-20.01,47.28,-83.97,78.31,-34.54,-38.36,-68.87,10.17,-70.67,-37.46,-53.86,-19.70,-48.02,-35.08,-10.41,33.75,-2.09,-38.97,-5.13,-28.97,-6.55,-28.62,-4.55,-42.05,12.31,-44.56,-60.45,70.57,16.37,-3.74,-39.01
136.11,-705.63,-280.60,-279.92,261.91,20.67,-384.89,85.82,153.02,-192.81,362.31,-71.82,-282.44,-8.21,4.08,19.36,94.11,-331.31,-39.60,23.31,-120.96,-2.89,48.81,303.17,44.54,1.64,-146.66,43.06,-129.48,37.15,-73.87,-135.89,-119.57,7.60,-133.63,-105.66,-62.62,-21.34,5.55,77.84,-26.93,-64.34,-58.41,-29.14,69.23,-23.91,-27.36,64.04,-54.15,-4.91,-1.52
1104.97,184.60,121.90,-602.96,113.29,160.64,282.40,-113.08,-33.30,156.29,21.24,-164.57,-46.76,-198.68,-69.13,176.44,262.53,-113.65,13.12,-96.69,-95.08,-29.79,-52.37,208.33,65.94,-70.32,-128.08,1.26,-9.81,97.68,27.33,68.23,32.36,-46.55,18.25,-125.09,-98.81,51.81,-52.24,114.31,-81.89,-14.59,-91.77,-49.50,-40.64,-15.82,17.08,71.91,3.79,-11.39,47.11
64.10,-725.53,-1109.07,-276.30,120.62,-221.07,-132.71,319.36,234.83,249.29,103.54,-91.96,28.59,-165.32,-39.36,-131.56,-141.53,-87.82,90.66,83.39,-124.22,8.15,20.18,141.13,-22.04,-39.47,-190.27,-59.30,-128.61,94.05,-12.41,-74.12,-15.75,24.40,-55.78,11.74,44.87,31.49,-72.36,-6.52,-49.50,-87.94,-83.47,24.59,64.81,24.39,67.39,86.94,-59.80,-82.66,78.19
55.37,-456.95,-294.89,-272.40,16.51,-248.38,6.22,-10.29,391.33,205.91,107.07,22.94,-228.03,-178.14,104.27,64.59,-42.59,-118.33,-57.68,16.64,-14.20,186.42,-114.49,-72.52,31.35,-25.68,-18.85,38.60,48.15,169.18,-24.86,13.65,-74.47,147.31,-75.07,41.17,50.45,37.93,-14.03,16.20,-31.06,-7.15,-96.48,-57.63,69.69,-33.59,14.06,12.89,15.12,10.91,64.80
-223.14,-1080.92,-508.96,-309.34,-18.06,-214.40,57.05,390.71,311.52,114.59,-79.46,-76.91,53.21,-62.34,-184.02,-2.07,45.87,-96.01,11.80,-61.34,-229.26,72.68,-86.76,122.47,109.46,-32.39,16.88,22.43,-146.15,161.83,-10.26,-14.48,-43.32,96.50,28.93,16.92,104.48,14.64,65.82,109.16,-69.55,-184.30,-80.57,52.38,140.09,88.47,39.16,131.57,50.10,-157.50,146.98
712.41,-764.35,-276.07,-130.99,-42.71,51.69,-33.43,249.51,231.88,53.86,-188.09,13.17,-16.74,-93.34,-114.57,-110.40,-94.28,-109.34,-39.09,-3.90,-114.02,104.54,-92.83,82.80,-24.15,-103.96,-36.09,40.33,-130.39,71.70,-14.90,114.97,93.25,36.86,-86.31,0.03,-14.37,92.63,-26.73,-38.15,23.06,-0.00,-72.93,-22.71,25.24,70.57,38.58,30.80,-25.28,-26.50,-13.55
-164.10,-733.01,-102.49,-364.89,28.69,-417.94,222.16,79.96,76.44,152.94,80.75,14.66,-28.89,-237.82,173.57,-29.45,-17.88,-72.10,120.47,195.92,-56.37,59.62,-80.61,110.79,125.70,6.39,27.38,13.26,-102.50,251.02,10.22,-3.80,-51.11,154.62,-92.22,80.66,36.48,78.77,18.05,-3.86,-97.70,4.10,-56.37,-27.87,111.78,55.80,84.74,58.12,12.81,-71.63,142.47
446.24,-627.28,-1099.02,-280.43,181.36,49.42,-47.74,84.26,318.94,-92.21,24.98,-65.77,-13.74,-120.53,57.50,47.51,-71.98,-108.30,-77.61,96.58,-52.90,88.67,-10.69,131.26,-35.99,-49.29,-82.38,-14.29,-93.49,103.32,-55.31,95.40,13.28,13.29,0.31,1.07,-16.69,34.82,-35.55,-44.73,-16.68,-27.46,-21.89,-46.40,48.49,-35.72,-30.86,66.64,22.16,-7.84,9.38
967.19,-426.80,-645.16,-311.18,140.15,26.95,-233.97,410.54,119.12,124.34,46.32,-64.04,-190.18,85.51,-38.33,-293.67,-57.69,-151.87,35.87,-204.55,-111.31,180.26,30.28,191.56,-183.45,-57.00,-151.72,-7.19,-83.58,21.97,-42.22,29.93,3.65,-21.42,-81.26,-12.76,15.84,49.29,90.06,-40.32,18.81,-54.38,-57.50,60.29,-18.10,18.19,75.28,49.14,-34.90,17.67,69.17
28.71,-563.07,-1438.56,-115.26,96.48,-26.63,-421.48,-224.87,337.39,171.97,-14.57,-50.18,-144.21,-173.87,-52.23,-137.78,-123.88,52.18,-210.05,13.24,-84.24,186.83,-67.33,85.60,143.65,-127.95,-99.22,-23.43,-57.96,-60.40,-78.71,73.16,128.26,-2.95,-12.01,38.38,78.81,-7.25,31.71,-105.49,48.02,-34.29,-180.17,-68.69,-51.73,-57.03,46.19,-14.69,-60.74,-30.60,-14.52
-35.07,-381.52,-1171.11,-375.14,40.06,-119.03,-450.26,-154.31,165.34,64.00,79.52,-15.07,-65.10,-17.59,-101.35,-114.01,40.25,-73.51,-170.90,-63.76,-30.71,127.63,-55.15,18.07,24.54,-82.33,-69.80,37.85,-37.76,88.94,-6.64,58.23,41.20,-14.24,3.00,-41.17,93.87,-12.19,6.27,-12.59,47.81,-91.83,-55.18,-3.17,-12.33,-61.30,-55.20,40.25,-23.49,-20.43,-3.60
240.19,-335.09,-411.96,-526.21,30.28,-286.82,145.95,23.95,64.64,105.88,-7.21,93.03,-41.02,-36.40,5.57,78.51,13.98,-147.30,100.88,61.23,-128.82,134.97,-84.05,155.92,30.72,-7.32,10.99,2.43,-40.90,102.95,-39.63,41.14,92.92,9.03,-63.82,19.44,40.88,47.13,42.01,-41.52,-13.95,-6.62,-4.07,-71.25,20.43,53.49,-9.35,78.20,13.84,-39.30,-5.16
-40.50,-260.25,-1170.08,-356.20,59.21,-105.15,-470.48,-164.49,135.95,56.22,86.85,17.92,-59.79,-2.35,-106.14,-142.58,133.72,-55.26,-175.78,-83.58,-56.47,99.74,-83.93,1.02,37.33,-96.98,-62.73,29.98,-30.95,110.01,19.33,31.65,24.89,-8.81,0.94,-72.75,60.92,-28.74,-24.50,-3.89,65.20,-42.77,-65.70,18.63,-23.02,-94.05,-38.67,24.82,15.89,-19.82,-16.91
504.21,-711.97,-230.66,-170.53,173.13,-264.55,27.52,240.63,272.47,37.66,-31.95,-123.97,-51.69,-113.64,29.27,-162.98,-6.41,-26.35,35.19,-24.81,-114.14,40.70,47.92,125.49,-5.25,-44.57,21.60,90.76,-109.56,112.99,18.92,7.90,-13.33,90.92,-56.09,1.92,-11.25,18.21,82.85,29.20,-69.21,-101.07,-102.88,-14.76,25.68,96.83,59.31,67.76,68.08,-90.30,139.83
522.13,-343.08,-581.63,-341.06,226.83,-187.25,-194.67,-219.68,164.98,114.96,86.59,-8.13,30.77,-51.20,4.19,-10.71,-22.19,20.50,-160.26,-103.20,-127.36,199.79,49.96,85.76,-9.15,30.99,62.99,100.34,-109.78,16.58,2.41,97.23,88.25,49.25,-53.19,-15.87,153.36,65.00,153.88,3.62,-9.33,-53.68,-121.27,-115.39,105.05,111.52,80.64,-64.28,-56.61,-25.44,118.88
538.85,-591.75,-300.81,-200.83,153.73,-268.07,-31.99,270.53,225.10,72.89,-16.92,-118.28,-31.91,-50.45,48.93,-211.39,38.63,11.17,-27.44,-86.99,-81.86,37.44,9.86,85.74,-79.40,-79.90,44.20,101.04,-50.54,154.26,54.18,-20.73,-22.49,99.46,-81.61,-50.15,22.95,71.13,79.24,95.77,-28.22,-67.12,-51.55,-82.25,59.13,66.81,88.48,70.25,75.27,-37.03,145.39
457.83,-13.98,-133.90,-671.69,131.22,95.50,183.05,-215.96,16.81,-94.30,39.43,-76.95,-78.28,281.54,-129.68,161.40,400.88,-11.68,241.05,-63.79,32.28,114.33,-176.53,230.03,-55.07,88.47,16.08,137.55,-234.65,208.45,-46.09,62.84,-69.32,22.12,-42.72,-210.92,-26.38,79.92,9.40,9.46,1.51,-67.17,-109.65,39.75,-55.09,-69.44,0.23,31.93,-99.00,4.17,88.94
261.96,-418.09,-963.41,-510.04,120.52,27.43,-190.96,294.07,351.38,330.01,20.93,16.50,5.84,-138.06,-197.22,-73.01,72.76,-51.24,-50.64,-147.59,-168.91,-4.83,109.65,101.06,-5.73,-104.94,-21.80,-73.68,-140.24,162.08,-8.42,11.55,27.39,34.37,-45.87,-12.61,102.77,39.88,48.20,105.42,-10.92,-27.27,-52.53,14.51,20.47,51.40,45.12,35.85,-0.35,-32.32,23.24
1164.49,-106.54,-328.10,-230.82,-290.49,385.08,325.97,32.27,287.06,2.19,-114.59,72.21,123.20,-49.77,-62.61,-69.25,-120.09,38.98,-121.03,-96.32,-77.29,-34.11,-28.84,20.20,66.60,-58.14,-44.37,-18.81,-53.95,-144.79,-85.59,-95.76,23.09,-4.28,-73.76,-4.45,55.08,80.47,3.32,24.72,-13.83,-30.91,-80.06,58.75,33.34,-20.82,22.92,-24.84,-54.94,12.88,41.71
438.45,-901.25,-763.02,-568.30,88.18,-46.36,-34.83,179.06,235.00,222.26,7.50,-77.20,-38.40,17.94,-97.96,-90.77,47.09,-92.06,62.45,-34.89,-186.41,96.96,43.97,340.90,24.99,-55.32,-83.70,65.11,-265.26,122.25,-13.18,66.70,-18.96,26.75,-95.02,1.18,18.83,74.17,40.55,-5.25,-30.05,-129.61,-136.84,14.31,35.98,59.66,63.64,146.72,-8.96,-105.83,62.54
553.13,-135.75,-861.71,84.18,-122.53,388.19,-241.64,167.51,224.26,-168.65,80.33,19.22,-36.68,-41.77,-145.04,233.66,160.57,125.18,54.67,295.13,-146.99,1.39,104.77,-78.95,206.67,-35.62,48.63,25.81,-7.47,283.35,154.50,119.53,-3.19,-14.86,-11.49,27.81,65.00,-91.69,-73.89,12.51,-24.97,-31.17,52.90,-58.38,-25.94,16.57,-49.42,93.83,25.81,2.84,48.74
273.62,-707.91,-472.23,-388.50,-108.62,-179.99,-427.11,112.72,357.64,160.43,-82.67,-180.20,114.46,98.14,-261.95,-92.21,48.90,-3.79,-83.56,-212.05,-126.29,134.31,17.10,179.24,103.73,-161.40,-61.66,22.93,-120.65,-25.18,-29.71,-19.72,31.46,37.75,-23.18,-8.14,91.51,-41.92,137.54,42.64,-25.79,-141.42,-25.21,17.37,-12.91,6.52,51.94,-79.00,-51.62,-115.79,-7.67
17.86,-899.72,-168.68,-400.42,64.80,-40.75,-137.61,103.46,212.24,16.61,70.63,-75.58,-159.44,123.86,-97.89,169.97,93.77,-260.02,-140.22,-178.78,-203.49,128.20,-42.39,110.64,-12.19,22.65,-1.34,-132.87,-196.89,77.92,23.16,-70.67,-100.76,-64.51,-19.81,-51.59,35.51,67.96,156.61,141.52,9.07,-143.28,-190.54,0.71,135.16,82.24,39.51,37.27,22.58,-52.41,114.49
86.67,-455.90,-292.65,-260.50,-171.28,-416.27,-2.55,-29.14,136.43,62.55,-17.45,61.71,-52.72,-144.86,33.90,31.78,-81.07,33.52,-10.48,123.75,-68.01,69.81,-27.71,142.07,-20.65,-36.43,24.77,33.30,-12.85,98.87,26.41,49.62,0.49,90.91,-25.93,54.59,68.84,58.99,58.48,-10.84,-31.69,25.40,-69.47,-77.14,8.61,9.57,22.71,16.58,27.27,-59.73,34.64
164.27,-362.78,-159.97,-621.69,-105.35,-67.13,89.36,84.92,108.92,230.19,-4.62,60.92,-116.92,-65.43,28.86,73.11,83.69,-119.66,-2.96,21.81,-77.36,19.86,1.26,168.56,101.98,-23.70,-1.14,-23.09,-56.64,2.36,1.51,1.08,12.88,69.96,-83.35,-41.26,2.27,96.58,-0.40,-20.84,-36.88,-66.05,-54.76,-47.36,14.59,64.40,98.67,52.57,-41.26,-92.52,-3.87
1094.84,-217.81,-269.42,-324.73,68.16,17.29,18.68,299.01,109.98,152.44,-128.31,-122.94,-17.64,88.32,87.56,-166.30,-255.93,-131.14,146.80,-34.96,-39.45,141.33,6.81,43.67,-149.88,13.58,-97.30,65.87,-53.08,-34.80,20.29,15.72,-9.78,14.51,-59.91,14.06,-73.47,-4.61,31.97,20.27,-36.73,4.70,-15.31,10.47,49.54,24.85,59.12,90.17,-16.65,-31.39,19.86
375.84,-312.77,-346.65,-415.23,96.30,72.91,-22.50,174.83,242.62,17.44,6.84,11.22,-90.88,106.84,-184.86,60.45,313.98,3.33,-101.24,-157.29,-149.33,14.74,-87.84,173.91,30.34,-7.13,-12.18,52.78,-72.30,62.80,-51.75,10.13,21.63,-23.78,-48.73,-149.60,21.88,86.08,33.42,9.78,11.78,-126.95,-83.19,-80.94,-28.97,6.11,43.08,65.78,-78.30,3.11,-16.20
263.18,-249.41,-359.61,-570.49,188.76,-89.15,-14.86,-244.29,102.06,149.50,-92.89,-60.99,-16.04,-126.63,133.97,183.45,114.83,-36.66,10.48,141.13,-95.85,203.54,-143.80,155.00,-22.19,29.36,-60.07,39.74,-60.84,122.25,-25.80,117.84,-16.20,26.02,-17.03,-10.44,-1.06,47.97,-60.39,-62.48,31.11,-2.17,28.94,-47.93,14.64,-9.04,15.58,64.28,10.09,33.83,-56.55
40.98,-764.91,-4.13,-419.37,-17.64,-170.31,75.18,149.06,38.86,180.57,21.15,-23.85,-72.51,25.41,98.29,12.31,-92.68,-246.15,149.43,20.70,-104.81,143.10,-39.59,200.89,64.16,40.73,-21.11,-8.90,-101.29,99.66,38.46,-5.58,28.06,82.08,-58.06,43.82,6.13,66.53,45.20,50.64,-69.25,-50.34,-42.83,43.82,69.65,75.10,87.88,87.49,-16.07,-16.91,75.64
59.28,-478.08,-310.65,-157.92,375.60,-206.14,212.80,711.09,-114.51,355.63,-28.33,-87.50,53.75,-35.45,-137.65,-99.26,24.21,-106.78,36.46,20.91,-41.44,18.38,37.48,57.84,-9.53,-3.85,-120.20,-67.68,-25.63,116.40,23.71,-15.57,-14.96,-52.90,-60.86,15.48,62.29,69.39,-36.09,0.76,-58.79,-37.48,32.83,45.36,78.23,89.77,61.93,2.25,-94.34,4.15,136.82
221.38,-360.80,-67.13,-87.98,215.45,-181.02,133.88,635.02,-92.49,225.58,-39.23,-108.70,60.68,-4.48,-127.69,-40.76,85.35,30.06,-95.45,48.74,-46.80,-2.96,85.44,68.51,7.04,-14.50,-89.01,-18.16,-46.29,148.77,26.89,16.74,-40.51,-43.06,-30.10,-14.72,22.14,108.25,-32.04,-5.08,-18.39,8.75,25.77,21.43,53.30,37.17,89.72,-27.48,-96.43,44.75,61.86
154.38,-386.85,-75.94,-113.37,356.52,-143.13,206.38,577.58,-155.68,339.87,-0.19,-87.07,76.02,-58.27,-105.61,-138.13,20.40,14.38,4.52,97.97,-63.26,-75.79,188.22,94.47,99.43,-57.87,-22.87,-80.02,-30.66,83.01,24.29,78.48,-23.91,-1.70,-64.54,-4.59,-5.53,55.97,-45.85,-39.76,-66.50,5.66,34.74,-25.94,-3.16,41.83,23.57,41.87,-45.73,-14.30,96.12
-127.08,-539.50,-114.90,-311.74,338.13,-138.78,191.39,516.90,-14.00,236.05,11.29,-108.63,16.01,-50.35,-101.28,-84.63,-57.96,-130.30,-40.62,35.53,-30.85,-3.88,86.72,39.50,77.66,9.89,-76.27,-2.69,-18.93,70.24,-71.17,-14.81,26.35,-14.64,-46.21,48.19,53.62,38.80,4.16,-21.32,-85.21,-51.08,-1.52,14.47,65.84,57.15,35.95,12.39,-26.60,-20.82,67.62
219.44,-608.13,-86.45,-219.25,343.11,-115.14,224.48,894.84,-51.38,365.98,-11.20,-78.61,66.09,-74.08,-204.14,-127.82,-85.46,-89.98,-18.33,94.77,-85.65,-34.26,100.55,43.75,32.87,-31.81,-106.75,-90.34,-89.70,95.56,39.93,26.35,-16.70,-28.79,-64.49,-39.14,31.46,43.30,7.17,11.27,-78.96,2.89,-37.24,-18.92,24.36,121.83,43.31,47.51,-25.51,-33.99,102.18
215.48,-659.55,-122.79,26.25,590.12,358.19,207.73,523.80,109.34,116.66,-131.83,26.29,54.92,-104.67,-125.69,-39.99,-13.37,-10.30,23.95,74.66,-102.30,98.45,-5.91,128.88,-11.23,-94.64,-96.22,37.56,-38.36,138.10,-55.98,-19.78,-56.25,88.77,-102.13,40.01,41.90,16.06,-4.67,58.14,-68.61,-8.85,28.00,68.11,33.27,83.63,-24.02,124.39,-27.72,-83.93,81.89
269.94,-1010.19,-554.53,-163.53,56.46,137.54,513.85,642.80,329.91,-234.77,-110.94,-328.45,197.65,34.87,35.75,46.46,34.62,-75.69,114.14,80.15,-165.83,75.74,-140.55,94.87,55.55,-109.38,-211.90,-76.49,-33.42,144.93,72.77,24.24,-21.80,92.55,-17.21,-7.32,19.20,-26.58,54.56,31.62,-66.52,2.17,-6.30,87.67,102.56,73.30,16.41,75.78,-44.66,-91.39,120.21
-45.86,-484.37,-692.05,-607.31,35.16,-85.37,78.43,-15.80,-38.63,18.13,135.18,-135.31,15.84,55.14,4.58,149.58,16.82,-135.62,-58.18,-40.48,49.47,78.78,-100.98,150.49,-80.66,103.46,-98.14,113.26,-11.68,84.37,-26.55,34.68,-11.75,24.34,-27.59,-8.56,61.30,14.33,14.02,-2.44,77.92,-23.70,20.37,-28.37,102.19,26.10,88.90,42.19,31.71,-65.55,-4.50
-53.71,-285.10,-578.81,-638.60,35.49,11.45,186.11,-18.91,-15.41,-32.17,30.28,-128.14,43.97,77.46,59.90,158.11,141.73,-37.36,5.11,-94.02,61.00,-5.14,-62.80,63.06,-73.32,35.41,-124.29,121.69,43.61,126.40,-2.61,40.44,-27.30,-2.34,-34.28,-63.57,60.34,41.07,-14.40,-13.58,30.56,1.27,-24.51,-5.35,64.49,0.00,49.59,-3.17,104.32,-35.88,-33.07
-174.54,-202.86,-645.36,-443.74,16.57,-64.86,39.33,43.96,-31.07,-62.17,135.60,-159.02,45.51,87.91,40.14,90.98,60.98,-25.43,24.38,-63.55,127.05,21.09,-70.78,-40.20,-81.96,102.05,-162.40,116.42,34.09,111.39,12.01,-13.54,-58.94,92.89,-44.50,-66.69,10.43,8.32,-7.72,-44.98,34.80,9.91,-28.99,12.65,80.32,-67.61,6.38,-22.02,32.88,-28.34,-7.74
-233.21,-405.34,-661.91,-602.48,64.33,-86.00,84.18,-20.73,-4.42,-25.88,109.64,-148.01,33.42,-47.03,63.92,214.97,85.52,-92.09,-61.75,8.10,40.00,53.84,-80.56,87.64,-89.99,82.59,-105.12,148.40,-0.11,128.48,-31.36,75.98,-64.91,41.79,-26.16,-55.16,84.24,29.41,-25.13,-21.11,-0.97,-56.86,5.43,-21.99,120.77,25.93,35.29,-3.75,80.71,-78.74,-14.80
459.24,-787.98,-189.39,-235.17,-207.67,-173.40,148.22,164.12,99.31,1.72,29.80,-116.78,-106.66,-140.27,-82.26,27.38,-180.42,-114.03,-4.21,150.00,-10.87,134.95,-105.06,138.62,65.38,42.99,129.39,-79.90,-97.04,64.38,73.13,46.09,29.23,10.33,-67.05,-14.44,1.25,63.28,-20.44,61.45,-64.05,-61.24,-33.01,-117.33,46.53,7.52,23.83,35.82,-24.26,-10.49,42.40
381.68,-718.18,-263.80,-191.52,-48.68,-231.15,123.22,167.58,46.05,-74.61,119.67,-44.17,-42.88,-136.67,-66.05,9.85,-106.23,-169.83,21.29,191.95,-42.71,18.43,-132.35,89.90,175.76,-52.58,-71.25,-28.87,-135.49,69.29,106.49,24.80,85.76,33.96,-10.93,-61.82,52.32,81.48,6.18,36.93,-45.44,-47.87,-50.63,-16.71,38.12,42.62,-26.31,24.11,-46.75,-82.41,79.17
264.01,-872.84,-223.20,1.90,-72.17,-112.22,255.76,96.21,357.80,-48.19,102.83,-62.45,12.07,-85.81,-39.39,95.61,-156.06,-140.38,33.06,238.47,-26.71,162.38,-200.58,-11.02,80.84,-82.33,15.31,-94.21,-40.45,48.60,127.43,-41.62,95.00,65.47,-119.94,-24.67,-7.52,44.15,-50.32,-33.00,2.89,-57.69,-116.97,103.56,57.57,15.46,-17.88,-95.60,-65.90,5.38,102.73
-118.61,-828.85,-315.33,-366.86,-322.11,-196.03,-34.53,98.46,-29.46,-150.00,-67.44,-20.45,-209.49,42.12,32.74,100.66,-173.27,-321.77,-22.32,191.90,-70.01,115.23,-247.89,114.39,105.77,47.16,-66.68,-23.67,-139.08,-27.66,49.19,-42.86,82.33,-20.35,29.85,43.53,42.46,63.84,0.59,4.51,-25.80,-17.74,-60.51,60.26,67.61,-34.56,6.34,-28.46,-52.57,-29.04,40.71
372.48,-719.73,-33.42,-334.69,67.64,-195.87,9.75,72.98,79.77,6.86,-181.88,-22.86,93.56,120.31,-34.76,-55.96,-44.65,-48.16,-3.75,-3.21,-136.20,2.30,53.53,161.61,40.19,26.36,82.00,53.95,-148.85,-52.49,12.41,-27.04,24.24,50.29,48.14,141.02,84.30,79.43,147.63,49.35,56.01,-72.36,-21.09,-16.27,94.33,43.31,105.26,39.29,-47.26,-95.40,29.96
1030.11,-690.41,-512.78,-92.40,195.67,17.55,-8.83,214.03,157.13,51.81,-65.24,-10.24,-7.58,-108.74,-124.38,-204.85,-100.04,5.28,-112.81,-54.36,-116.90,137.57,-15.22,171.64,32.60,-26.14,-18.48,16.49,-137.82,39.56,-17.52,26.30,67.81,2.44,24.52,73.40,61.22,69.94,50.24,8.84,-75.99,-123.37,-104.11,-13.46,61.29,39.18,90.85,141.95,-23.38,-120.02,117.04
-130.28,-545.88,-355.52,-227.81,282.78,-28.80,34.91,136.58,-34.70,-67.11,3.16,-61.21,183.93,79.14,136.68,157.85,85.38,-23.26,-18.74,163.12,-94.45,-25.62,-41.00,99.72,-26.90,31.45,59.64,86.59,-14.31,75.81,89.11,-9.42,-52.06,70.78,-68.65,-70.60,-30.84,12.19,-89.33,-21.19,31.83,-10.29,-25.56,-2.18,75.08,29.07,36.08,19.70,17.30,12.29,37.73
36.41,-359.83,-458.16,-257.87,194.05,-89.20,-51.75,-22.76,-28.14,-15.73,-19.47,-81.77,69.61,13.21,104.33,83.75,-131.96,-39.83,33.92,15.57,-32.13,-9.75,87.35,32.51,-122.33,-32.18,111.20,-0.88,-6.15,66.59,102.16,80.99,25.02,-7.56,112.41,14.73,-6.22,37.65,20.84,3.40,26.12,46.72,-51.04,-8.55,41.65,25.83,64.04,13.85,2.58,18.54,12.37
134.50,-215.37,-383.12,-357.63,-149.84,95.66,96.73,36.93,87.60,-84.67,-186.06,-98.69,21.84,-5.07,-47.74,-88.31,-195.79,69.82,-92.47,68.49,20.61,-84.94,21.87,-10.28,-24.97,-2.35,-48.55,-49.45,45.05,80.70,14.24,16.38,49.61,-20.34,52.52,39.31,2.55,-42.31,-6.02,-47.78,-63.37,14.92,80.22,-20.59,47.18,-28.95,-54.93,-11.75,-27.33,-12.74,24.11
-69.94,-664.19,-396.04,-282.68,-2.49,-14.34,220.92,392.41,80.25,51.76,-94.83,-103.18,-7.95,-13.90,-47.57,-107.18,-209.61,-165.19,45.94,40.30,-87.34,-38.77,-59.96,111.03,15.40,7.04,-137.83,-42.74,-16.27,112.39,2.03,-51.98,-4.84,66.12,31.94,38.44,15.97,-3.15,17.66,8.75,-123.28,-132.60,-5.32,27.73,55.85,8.96,-10.39,90.37,-32.66,-135.39,90.88
345.66,-706.72,-311.15,-356.45,179.15,94.72,43.06,542.64,164.97,119.95,-60.07,-154.02,-50.92,-93.78,-85.55,-54.98,-138.88,-149.99,142.82,100.65,-154.27,39.31,61.15,199.84,12.48,-94.60,-60.82,-18.55,-33.62,175.62,97.75,39.63,-4.25,26.08,-84.90,73.23,-56.25,22.77,8.69,90.79,-110.69,-61.11,7.02,-55.52,62.83,20.62,23.53,-0.52,-46.73,-10.44,78.26
298.22,-216.19,-371.10,-272.96,-148.13,82.91,212.38,204.19,94.30,31.78,-174.16,-91.49,10.29,-89.20,-38.24,-126.72,-156.74,84.79,-115.13,46.31,-66.67,-64.24,-37.44,52.26,-23.01,5.46,-103.73,41.33,57.11,74.07,28.65,78.51,-10.93,26.52,33.98,25.91,20.68,-40.84,17.45,-16.53,-119.05,3.59,21.26,-66.50,-14.84,26.41,-5.08,82.50,-43.62,-75.42,32.48
176.10,-506.86,-1.19,-368.79,-40.96,80.02,241.01,363.91,-103.06,-13.67,-209.35,-202.62,18.55,-14.68,-125.77,-97.31,-171.18,-150.21,134.47,109.28,-32.95,-42.09,-43.19,99.56,-72.96,29.86,-56.76,-94.84,-38.91,49.91,25.71,-40.04,-48.82,28.03,47.64,36.72,-51.24,-44.09,-11.69,23.62,-107.83,-71.16,67.80,0.37,96.10,40.46,8.86,-7.85,-61.48,-61.06,22.14
238.67,-699.34,-174.02,-174.50,132.90,76.05,332.33,653.93,118.09,132.29,-35.66,-106.32,93.31,-214.98,-171.50,-42.84,-134.04,-32.49,123.48,207.65,-228.08,-60.29,-75.88,115.52,1.35,-7.45,-19.11,-4.04,-45.96,238.04,52.34,30.98,-27.82,-22.65,-13.10,26.82,-53.27,78.88,-108.15,36.19,-152.62,-65.20,-33.07,-67.05,66.61,63.12,63.59,127.56,-33.63,-88.89,123.96
35.23,-601.17,-51.07,-272.10,-46.72,56.97,384.68,440.02,-1.37,-31.04,-142.79,-172.80,62.84,-114.58,-127.76,-69.07,-161.71,-6.27,82.87,198.01,-94.26,-76.54,-40.10,95.41,6.94,56.72,-21.15,5.62,-4.56,186.01,38.42,-23.59,-46.27,44.98,30.30,31.67,-53.42,-0.27,-80.55,64.68,-160.30,-74.65,-1.65,-37.33,66.04,0.25,24.19,105.11,-0.48,-75.93,90.45
133.36,-519.21,-529.35,-346.17,42.93,59.22,316.62,317.69,129.05,-14.56,-103.22,-213.85,88.83,-172.40,-118.05,-60.47,-123.68,43.45,105.13,118.19,-131.42,-106.06,26.12,104.25,-36.82,-41.85,-61.91,11.08,-26.18,206.18,52.12,8.73,38.07,52.47,52.29,34.59,43.52,-33.43,-79.49,5.54,-130.28,-90.04,12.26,-66.19,81.57,-6.56,-22.84,47.29,-18.96,-95.38,88.65
105.97,-677.56,-198.74,-274.21,158.83,56.82,390.39,458.31,30.52,17.36,-87.43,-115.77,-2.64,-218.11,-171.72,-68.37,-115.78,5.36,115.17,173.38,-173.34,-19.99,-36.66,119.98,88.69,6.79,-25.95,-13.91,-53.04,254.96,80.18,31.00,2.58,52.56,-4.64,35.65,-59.08,28.13,-97.37,43.07,-169.81,-91.95,-28.20,16.64,61.22,18.46,-24.65,127.77,-18.44,-88.96,89.33
277.17,-297.76,-519.86,-370.62,106.89,64.03,151.24,245.58,-18.38,13.56,-82.75,-175.54,35.56,-166.56,-110.52,-59.10,-147.12,-14.83,5.72,89.56,-63.49,-69.86,18.63,26.01,-80.54,-60.22,-34.73,-42.64,39.11,109.37,50.77,-15.11,1.09,17.90,-6.26,-24.84,-21.31,9.56,-11.72,59.31,-100.59,0.29,-4.96,-48.61,117.11,-23.36,-20.96,82.34,-24.68,-38.73,54.02
302.68,-514.53,-455.61,-191.28,-35.60,48.55,368.87,531.68,206.06,151.30,-84.88,-71.39,47.51,-115.87,-170.19,-129.28,-172.19,24.06,114.35,100.89,-191.82,-41.06,-95.28,110.54,37.23,2.39,-78.02,46.95,-18.83,183.25,42.11,32.60,5.37,-12.65,4.08,40.04,41.94,12.54,-70.64,-12.63,-126.41,-35.99,-42.40,-40.86,27.14,31.63,43.20,128.53,-76.65,-120.60,144.37
256.75,-416.11,-302.44,-279.82,-16.90,88.99,185.17,305.33,119.35,5.07,-74.66,-139.72,16.51,-135.92,-102.37,-80.52,-242.15,-41.79,55.08,84.49,-46.40,-61.48,-55.87,-41.86,24.54,65.47,-40.14,-56.90,10.21,182.60,91.96,14.78,25.86,13.48,-3.23,-15.30,-72.71,57.88,-70.09,15.85,-65.12,-66.74,-0.90,-65.95,44.95,5.18,-31.05,23.43,-25.12,-83.18,91.67
133.79,-480.02,-481.65,-343.72,96.50,68.28,293.49,199.45,106.49,-15.98,-71.56,-120.16,29.36,-202.87,-109.47,-52.90,-97.18,56.59,66.48,105.80,-110.85,-56.84,-5.41,114.49,55.57,-61.76,-58.27,37.91,-62.32,210.06,13.89,-12.26,-2.01,67.85,-15.03,-7.20,18.91,-39.07,-72.84,4.77,-164.77,-101.45,-46.56,-81.85,64.82,38.72,-50.04,102.30,1.32,-88.00,50.40
415.32,-429.67,-452.47,-338.36,171.77,163.52,156.06,471.80,22.21,83.85,-9.00,-123.30,23.03,-107.45,-223.82,-160.26,-115.76,-68.99,17.22,21.37,-57.90,56.09,-91.05,23.67,-45.34,17.10,-87.29,-82.69,57.40,110.94,-8.85,6.84,-18.39,11.18,-21.68,-37.33,-38.68,3.83,-56.23,-36.55,-153.40,-63.73,-18.73,-22.79,80.43,103.92,-49.48,62.41,-43.26,-42.51,80.66
