131.72,-965.31,672.99,-477.29,-309.53,-77.89,446.08,461.64,180.32,-211.45,-69.51,39.48,6.55,-138.22,20.22,369.97,95.11,-278.27,14.16,149.68,-8.13,-30.85,-23.08,11.25,303.18,-78.19,90.25,-39.44,-177.13,150.49,51.46,-34.82,-93.24,71.75,-88.29,-21.45,69.55,-4.82,-64.78,166.16,-13.54,-14.30,8.13,88.47,71.97,56.36,42.10,43.59,-5.81,-12.04,5.94
-254.28,-920.19,-16.37,-418.72,-100.68,-154.05,104.14,550.54,137.64,-5.71,-1.19,-257.96,-171.95,109.18,62.73,-35.39,-168.61,-264.54,110.43,135.79,12.94,60.33,-86.12,189.16,-72.38,30.34,-119.88,14.61,-79.18,77.55,-89.70,-148.51,-53.02,54.00,-42.76,48.92,19.76,63.49,-10.83,32.94,-57.74,-74.93,-32.71,65.28,101.30,23.01,23.84,39.00,-34.28,-76.96,22.82
-130.32,-1140.17,476.68,-308.59,-216.94,-228.24,148.49,596.55,3.59,12.05,8.43,-10.46,-129.52,65.60,-23.87,-92.59,-6.35,-327.50,216.93,164.47,-173.58,53.06,-84.05,309.27,149.05,-75.27,-38.14,11.12,-100.88,68.96,-73.80,29.50,-11.95,40.68,-71.94,-5.35,-1.17,74.69,41.19,1.32,-53.78,-140.76,-6.33,108.56,40.40,144.82,45.93,66.18,-50.92,-123.53,9.63
-271.56,-1151.61,638.74,-89.85,-183.36,-454.31,-34.12,781.46,30.29,-21.03,41.24,26.13,-308.04,257.15,-72.55,-76.86,-181.50,-345.78,383.55,27.71,-208.20,35.99,-40.18,285.64,-143.88,42.57,-24.44,-40.66,-102.84,-49.69,-87.18,-168.54,-111.21,124.14,-8.11,16.76,-78.61,116.42,78.23,166.32,-40.52,-220.82,-0.05,100.62,167.63,108.17,51.49,121.45,-73.04,-120.48,-7.43
-312.69,-1430.79,357.96,-283.35,-367.96,-222.62,136.35,503.44,270.36,12.51,-151.25,-77.72,-83.24,248.42,-60.54,-54.82,52.46,-354.21,54.02,-59.40,-156.75,113.56,-170.15,66.84,87.33,11.18,-41.07,21.74,-70.50,145.92,16.94,14.25,-11.59,21.59,-10.37,16.53,143.22,117.01,82.91,86.11,-35.86,-137.02,-22.89,139.06,83.88,135.57,60.69,-31.22,18.74,-125.30,131.12
7.79,-692.77,243.00,-502.66,35.00,-374.89,245.87,376.41,-31.67,170.50,-186.65,39.55,-57.53,156.05,-91.62,-108.81,12.85,-30.48,17.99,52.81,-172.96,-42.81,134.54,187.12,10.62,-41.76,-16.54,24.00,-166.41,4.64,-121.70,-82.62,-119.36,122.66,62.57,69.86,86.02,33.28,164.43,1.00,-54.12,-125.09,-78.34,39.12,94.13,25.94,76.51,72.43,59.07,-201.44,70.41
-16.33,-707.35,226.00,-261.76,50.67,-104.38,169.83,565.64,126.36,229.69,-7.28,2.57,-32.78,-40.52,-225.11,-150.55,52.63,-144.11,175.33,-12.04,-45.66,-11.23,-40.21,113.09,124.22,51.12,-13.17,-37.21,-92.10,122.61,-46.68,-73.40,-19.08,117.10,-20.18,17.85,40.85,143.52,-45.47,41.54,-92.35,-158.20,-87.98,53.04,71.59,44.08,13.87,31.25,-18.63,-108.17,43.14
-384.26,-949.93,-3.58,-517.71,-395.80,-140.67,19.01,112.85,131.34,64.79,-98.12,-10.15,-9.89,92.78,114.06,-11.02,67.49,-221.33,-71.77,-52.55,20.32,6.32,-80.81,58.01,77.27,17.65,36.35,6.86,-157.39,93.90,3.98,1.46,-38.23,-16.18,-4.58,2.50,44.50,121.42,29.53,115.38,27.53,-45.58,22.28,24.82,83.45,-1.59,92.91,14.48,-0.89,-57.51,79.76
-117.65,-789.16,431.36,-406.75,-256.70,-336.21,145.50,149.59,68.00,81.89,84.51,25.81,-222.55,-216.92,91.73,45.14,41.10,-117.59,116.48,87.59,-163.72,8.12,6.14,227.96,200.79,-4.06,32.79,63.60,-60.86,84.43,-73.61,21.32,-35.14,60.38,-62.90,-0.59,17.07,123.48,40.58,-61.60,-57.27,-100.72,-46.79,-3.09,-22.07,109.79,126.02,91.39,34.62,-173.33,32.59
-259.57,-398.24,308.24,-172.50,170.03,-197.92,277.03,467.33,-246.44,207.76,-16.34,-37.27,53.97,-51.56,-189.77,-24.82,31.77,-53.60,-105.56,44.71,-35.20,-103.48,42.25,10.23,8.77,59.36,-8.57,-8.00,-21.59,18.79,-113.30,-49.74,-13.29,23.73,-65.73,37.85,40.28,61.40,4.95,-12.75,-37.93,-49.54,7.74,-0.12,48.52,45.40,46.89,-24.53,35.16,-12.28,12.93
-810.81,-919.90,320.46,-354.55,81.01,-346.58,306.64,501.54,-111.97,178.52,-47.11,-126.98,-33.87,7.38,-61.89,-25.99,-71.02,-184.30,55.37,136.80,-15.75,-43.07,68.22,143.71,114.53,51.95,13.53,3.03,-79.21,65.76,-72.14,-46.27,-43.08,26.42,-18.21,133.59,42.18,40.07,23.70,2.30,-43.39,-77.76,17.55,72.64,52.94,49.34,47.00,0.77,-1.07,-42.96,43.21
-978.34,-550.22,336.56,-449.24,86.04,-426.00,337.38,112.05,-106.90,228.04,-91.30,-59.40,22.97,-70.68,-36.75,120.89,-19.13,-51.39,-93.15,166.98,46.44,-63.24,73.33,96.29,206.08,44.93,119.89,43.29,-2.57,78.34,-55.17,5.53,-11.30,60.04,-28.64,181.73,60.95,16.81,-22.00,1.74,-12.55,-59.93,18.87,26.59,19.24,41.29,58.58,-10.10,25.58,-17.19,-19.63
-65.80,-696.83,26.66,-211.92,260.67,-317.63,270.97,832.53,-75.73,324.04,20.52,-142.29,100.12,-43.18,-175.92,-43.42,49.20,-82.48,5.66,80.28,-82.88,-35.56,93.95,116.30,32.96,-36.65,-99.18,-48.37,-74.03,150.12,-20.54,-21.55,-39.67,3.87,-105.83,11.63,83.82,72.29,-56.50,-3.53,-62.63,-31.29,12.61,35.86,104.13,65.03,69.78,-28.14,-65.63,-9.16,88.43
-655.10,-392.76,718.17,-192.85,-180.32,-159.35,25.88,27.61,-131.20,193.11,-3.60,102.83,-2.98,29.02,-23.14,-56.95,-119.94,-74.75,-194.63,46.08,97.68,-149.42,105.54,6.35,114.93,0.02,-5.86,47.55,-84.79,-84.50,-46.18,-131.36,-15.99,72.59,-29.92,115.33,84.60,-16.39,71.49,-26.20,19.80,-22.75,32.07,49.51,-49.33,21.78,24.42,-16.09,24.59,-68.90,-87.43
-245.34,-450.67,254.32,-269.09,226.48,-209.70,353.79,646.38,-192.77,324.73,-25.33,-46.86,73.22,-68.82,-120.67,-45.78,4.06,-33.42,-82.75,100.75,-3.35,-116.12,102.77,99.58,56.77,43.64,17.59,-55.19,-19.99,25.94,-65.21,-31.88,-69.94,3.88,-31.50,75.96,64.79,72.87,67.69,-1.52,-19.83,-69.01,-3.22,-21.22,105.04,28.55,93.45,41.15,18.04,-34.00,59.47
-459.64,-327.06,392.61,-149.02,-15.35,-179.22,81.25,184.29,-79.34,237.54,5.68,78.60,15.73,-39.04,-55.94,2.05,-30.09,-32.10,-132.11,88.93,4.31,-141.52,101.31,-3.65,137.59,-54.79,61.31,-19.30,-107.86,-6.72,-80.00,-32.28,8.88,24.46,8.92,30.59,41.29,35.00,45.91,-16.47,24.60,-36.32,10.87,33.54,-64.66,5.64,-14.68,-2.34,37.30,-68.75,-22.74
-138.61,-598.77,480.25,-115.17,59.30,-102.09,-0.69,528.71,-95.84,185.17,26.93,47.76,20.44,33.31,-20.87,-21.12,-70.06,-160.32,-87.92,47.84,18.17,48.21,33.48,6.65,79.48,15.98,47.88,-182.56,-81.63,-41.37,15.12,-17.27,44.95,69.15,38.94,22.42,11.85,51.32,-35.56,-72.69,-22.80,4.53,-9.51,76.14,51.79,106.94,1.76,15.22,-25.84,27.86,27.16
-375.48,-568.35,-23.86,-275.67,209.23,-216.02,97.91,247.01,101.23,254.68,1.65,-101.50,0.18,-150.65,9.97,-57.57,-63.95,-89.19,25.50,121.00,57.57,-85.78,159.90,180.23,197.13,-41.01,-2.80,62.86,-100.98,147.89,17.20,33.31,30.92,2.64,-69.39,159.60,35.10,-55.63,-26.34,41.62,-72.79,-25.69,0.61,-32.23,-12.58,46.03,104.25,21.70,-9.86,-55.30,42.42
-346.52,-664.29,149.05,-344.29,224.25,-173.25,199.25,447.17,48.90,213.39,46.74,-19.82,-12.02,-98.76,-85.65,-36.47,-101.46,-85.32,-6.56,131.74,-8.57,6.72,56.70,156.17,190.36,-11.41,-29.44,-22.32,-73.92,127.79,-20.20,-18.13,-20.06,39.46,-68.50,82.53,30.88,11.54,-23.50,-6.76,-70.39,-44.86,-52.35,11.77,51.31,67.81,33.07,36.70,-27.75,-46.62,43.55
-215.05,-709.49,399.29,-162.89,142.66,-224.87,260.41,865.61,-153.32,242.55,-29.67,-111.16,102.84,76.59,-119.03,-26.15,114.16,-112.19,27.69,106.71,-52.63,-80.40,40.40,75.71,24.32,-28.63,-25.67,-66.73,-45.56,86.68,3.44,-42.90,-98.69,57.80,-102.21,-25.81,61.79,81.96,-47.80,47.87,-30.97,2.05,64.30,55.83,85.39,49.58,81.91,-58.11,-91.08,39.97,66.62
-396.33,-454.94,162.39,-277.92,116.29,-227.67,250.19,432.88,-179.54,210.45,6.66,-43.45,55.75,-9.24,-91.28,-61.65,60.94,-49.22,-117.98,68.67,-7.07,-178.29,85.77,88.48,53.86,36.66,-34.64,-9.13,-71.64,-26.12,-118.89,-53.96,-6.99,8.03,-31.35,57.29,85.48,38.96,63.67,-53.56,-1.19,-35.53,-16.91,-33.42,37.95,48.74,56.57,2.95,1.70,-54.97,-7.59
-358.88,-1026.66,884.60,-147.11,-48.43,-73.43,2.11,822.01,-105.71,182.56,52.10,-73.96,-28.76,176.23,-84.30,-160.04,-183.98,-348.17,4.22,21.17,10.03,-24.94,60.22,69.84,10.88,-25.57,3.11,-77.03,-85.58,-48.09,-53.96,-101.51,-35.51,38.29,-31.60,112.34,-28.59,66.14,73.35,59.00,-26.52,-66.09,36.48,128.21,65.79,75.61,95.04,-21.04,-50.29,3.81,48.48
-621.67,-229.50,314.96,-249.71,113.44,-298.58,314.73,225.45,-199.42,235.67,-51.09,3.76,20.06,-86.35,-56.23,47.36,85.49,53.35,-158.80,123.56,62.63,-119.26,146.71,20.80,169.99,7.62,55.92,-19.19,-59.27,43.70,-89.88,-7.22,-2.56,48.57,29.38,27.67,37.37,1.44,34.19,-54.71,-33.04,-9.33,-13.18,-38.10,-11.68,48.01,15.09,-3.74,62.91,-27.93,4.43
-550.76,-644.89,518.75,106.68,390.39,148.27,-11.96,20.84,-9.56,104.65,-5.92,86.60,-51.65,-50.70,23.63,78.36,-68.37,-93.91,51.35,35.56,-20.01,-15.97,-73.78,47.46,123.52,-2.41,-100.34,6.20,-81.98,7.26,-7.81,-68.80,-7.84,60.77,-72.08,16.95,10.74,-19.20,12.59,67.35,-39.35,-54.17,-20.49,-0.55,11.66,21.14,48.69,76.17,-3.58,-45.96,-20.41
-261.78,-571.15,469.81,-12.65,411.24,209.38,-169.57,204.05,-20.70,10.08,-8.43,-9.25,-83.83,-1.17,57.39,-115.96,-109.88,-82.95,28.57,22.72,35.89,-72.22,0.18,167.77,49.00,-66.60,-85.19,109.28,3.66,-7.11,-7.42,-42.32,-43.19,-13.62,-102.12,-15.17,-44.10,30.55,15.19,97.20,-72.54,-24.62,20.45,-37.67,6.53,-4.25,16.69,46.44,-39.52,-4.71,8.98
-412.56,-1058.10,474.50,-60.70,463.73,124.79,46.57,583.17,147.37,48.79,52.30,-178.99,-54.41,80.70,86.90,-32.47,-27.46,-216.94,195.85,115.02,-82.67,43.48,33.45,361.71,158.42,-156.96,-239.42,9.86,-71.22,10.65,46.45,-43.89,-105.48,-4.21,-171.21,-24.89,-56.98,-20.23,-71.64,19.43,-103.06,-71.34,54.76,-71.44,50.54,118.89,27.26,190.24,-90.41,-125.03,21.43
-105.27,-1154.01,515.34,188.63,282.61,226.67,45.96,794.48,178.11,-233.00,-142.06,-218.27,-25.22,190.31,-33.06,-54.00,-42.99,-142.04,140.13,6.02,-148.16,39.52,149.14,324.59,-58.37,-102.69,-86.60,-15.50,-0.78,-6.75,22.04,-29.90,-117.76,62.48,25.29,12.52,-13.38,-2.34,28.58,84.37,-67.94,-70.18,-14.68,50.18,44.19,123.49,-24.78,54.74,-45.12,-163.53,-13.05
-307.10,-555.86,276.01,134.13,471.64,171.31,-157.24,279.36,4.93,-6.24,-69.87,-100.06,-114.71,59.09,6.86,-46.13,-41.47,-208.09,144.89,18.12,-36.06,-12.35,16.71,179.20,-24.13,-9.35,-74.48,6.68,30.90,31.04,6.13,15.50,-61.96,-27.09,-16.52,-19.81,-29.96,42.58,51.08,-6.45,32.40,-83.60,58.73,-25.44,39.47,20.37,15.47,13.78,-35.73,-21.99,-14.62
-79.94,-767.94,288.20,19.51,546.65,204.04,-9.02,454.91,59.80,134.48,-28.13,56.32,-36.49,-49.86,-50.73,-56.88,-34.38,-147.12,88.15,99.10,-8.07,81.16,-0.68,151.05,46.33,-113.77,-39.06,18.76,-57.84,67.40,-16.65,-20.21,-69.78,0.43,-164.37,45.53,-10.35,-6.53,97.41,154.24,-11.26,-23.81,68.28,20.55,20.03,46.77,70.92,165.83,-14.12,-30.79,-15.32
-448.75,-565.68,264.04,-107.16,448.87,82.01,-76.01,26.06,198.32,53.77,89.98,-91.36,-106.99,-0.44,16.45,-59.93,-53.63,-120.46,159.55,57.48,-30.10,13.35,114.13,173.64,94.34,-66.84,-24.68,51.58,-82.95,86.51,93.39,3.44,-45.61,5.02,-44.13,-20.13,-12.60,-16.00,-72.45,41.20,-45.02,19.32,-51.83,-84.96,-16.43,-24.20,50.05,59.30,-11.78,-86.27,10.28
-356.00,-878.66,442.75,-99.77,362.88,64.78,-60.41,448.52,146.18,-15.41,131.12,-198.53,-35.24,36.99,-34.01,-102.32,-70.19,-191.74,309.64,114.60,-26.32,26.92,158.54,239.64,69.17,-148.41,-46.91,51.63,-30.37,51.04,43.65,-23.40,2.10,-22.95,-76.47,45.06,-75.24,-34.50,-66.19,111.61,-75.97,-9.57,-17.10,8.91,39.50,29.18,-35.46,43.26,-48.04,-63.61,-59.27
-250.57,-1086.89,822.98,103.05,191.86,258.18,8.08,472.37,-80.28,14.41,-128.77,137.50,-55.14,36.15,-5.70,27.78,-121.17,-230.41,68.16,79.02,-80.63,101.26,-34.88,196.38,-29.86,-87.73,-68.14,-81.69,-134.47,-46.89,-71.46,-100.50,-67.08,43.67,-149.88,43.98,-55.35,28.87,71.06,153.33,-11.48,-60.51,93.38,20.17,51.40,67.59,20.19,103.57,-74.72,-19.14,-1.88
-300.58,-1510.83,688.27,-37.82,-425.12,-47.03,671.97,818.63,184.26,-361.29,-177.54,-322.10,5.40,209.66,62.22,30.47,8.62,-295.63,177.90,143.58,-178.33,13.76,-217.92,236.24,42.29,20.91,-24.31,-69.42,-42.36,157.62,99.78,-39.58,-83.71,46.60,36.81,43.15,-15.76,-2.88,49.42,158.31,4.00,-56.12,-12.53,66.33,203.91,67.58,84.41,146.16,-60.17,-53.51,129.94
-388.28,-856.14,-46.09,-444.13,154.88,-155.75,132.26,206.03,18.36,-61.92,60.95,-89.47,19.60,-14.34,25.82,145.92,-33.42,-189.90,5.50,29.99,-113.85,10.88,-67.02,177.07,6.35,-41.61,5.46,-78.63,-1.28,99.98,46.31,13.03,-56.99,67.25,18.64,93.50,17.59,34.99,96.24,4.98,-96.99,-115.17,-52.07,35.02,129.28,103.39,-30.20,56.38,-21.04,-74.38,40.57
-835.50,-807.42,-84.67,-507.18,-441.76,-225.95,217.92,-164.06,-140.61,-199.10,-74.50,32.63,200.02,92.58,-33.86,6.58,-5.78,-65.49,7.78,25.47,-91.64,-98.03,-33.91,70.02,-59.33,101.52,27.47,85.81,-49.75,48.14,-2.80,-104.24,-76.47,95.80,56.81,21.18,35.92,34.05,126.66,43.59,53.40,-54.97,47.83,67.32,180.63,52.82,-37.75,10.67,-19.89,-84.78,-10.93
-953.21,-1346.49,850.30,-162.23,-667.72,-170.33,601.10,261.31,-49.63,-507.30,-332.62,-111.99,157.27,337.75,237.62,125.03,-81.63,-200.85,144.21,240.00,-105.07,-34.44,-239.06,110.34,-24.23,88.98,20.15,112.33,-64.49,123.28,29.33,-65.45,-121.00,203.85,75.28,92.47,-43.63,-14.60,133.49,132.70,-41.28,-23.48,78.70,156.81,206.16,15.83,-0.60,20.37,33.76,-44.57,21.89
-194.05,-761.25,740.85,-22.43,-80.58,-51.92,235.03,160.08,123.20,-100.72,-371.69,98.80,123.86,170.77,-85.11,126.84,-46.21,-18.80,83.44,24.24,-47.25,215.50,-230.44,-114.62,-87.98,85.03,75.45,15.61,-36.05,20.19,-0.28,-122.49,-36.84,32.98,-40.53,-29.01,56.83,86.31,-48.02,95.04,0.89,-20.50,-44.09,114.10,197.55,24.86,-30.57,-87.97,-78.71,66.19,14.30
-678.53,-453.67,228.12,-462.24,-52.44,-365.18,90.24,447.59,-116.59,-342.32,78.88,-59.34,-54.35,-237.56,125.42,296.07,81.31,146.87,176.36,-2.96,25.18,-37.40,17.76,5.54,53.87,74.28,15.98,41.79,-59.55,64.72,-7.79,-55.30,15.11,144.18,51.29,-65.55,54.37,-2.38,54.01,-2.10,-14.64,-24.50,73.51,40.84,105.14,53.47,-10.35,-23.07,50.86,-41.99,66.32
-565.63,-472.02,572.69,10.51,-140.21,-451.88,-44.34,393.02,-244.43,-309.23,32.00,172.71,2.13,-178.74,73.05,116.23,-103.05,150.33,92.18,48.22,-63.19,110.03,44.80,22.72,92.29,84.12,123.39,-115.95,-39.68,92.61,142.33,-15.26,-60.81,-33.29,88.73,33.52,-50.41,45.08,21.96,20.50,-109.69,60.97,11.19,13.88,36.02,44.85,39.77,-5.04,93.35,-85.72,-43.54
-747.84,-471.37,394.69,-297.90,-205.48,-322.55,-63.84,333.46,-65.26,-392.16,6.40,-0.65,-101.66,-163.20,22.13,175.72,42.18,56.29,15.40,-106.95,25.63,53.48,-15.02,-33.05,55.43,155.30,45.26,-31.58,15.14,-23.90,65.31,-62.90,-77.59,21.60,38.41,44.07,33.52,32.76,90.09,-20.03,-24.34,-100.79,83.37,27.37,118.30,112.93,-25.64,-71.34,-15.14,-73.33,-29.76
-549.00,-327.31,358.18,-234.54,-143.70,-340.53,-98.44,482.21,-222.74,-417.29,46.68,93.92,-18.70,-97.57,50.30,134.10,-39.27,100.30,96.68,-99.99,11.58,3.42,-9.84,-25.43,12.58,55.11,51.34,-39.10,37.06,-59.85,59.32,-20.69,-67.52,60.17,80.25,-29.07,38.47,-40.77,93.14,-6.32,19.44,-34.43,116.82,69.92,56.35,46.16,-23.94,-37.35,34.05,-34.56,-36.54
-142.93,-329.61,-42.92,-357.80,60.24,-232.57,0.30,589.82,8.44,-216.11,51.73,-188.96,-119.01,-131.23,97.62,126.94,44.58,98.29,205.08,-16.71,34.70,1.43,65.65,50.71,96.83,-30.82,29.69,48.85,-5.14,80.44,13.22,85.90,22.68,66.60,-0.69,-69.92,-20.66,-61.29,21.06,17.10,-50.02,73.16,-21.91,74.74,11.67,75.54,-47.73,12.04,-13.28,-17.98,73.89
-655.60,-571.83,134.41,-326.18,-66.97,-397.32,-58.43,355.60,-78.85,-308.58,65.35,87.13,-44.04,-146.94,-5.74,198.19,20.88,52.73,116.60,3.39,-45.21,-28.45,24.35,-30.70,11.53,11.41,-0.02,-66.15,-21.59,14.32,69.34,-28.43,-117.37,29.11,-3.16,14.87,89.38,41.85,117.60,21.11,-41.07,20.01,95.14,-30.60,93.49,63.31,52.89,-13.42,14.05,-71.05,-33.26
-500.04,-376.66,8.28,-369.09,43.61,-259.61,-3.47,387.46,-163.93,-333.89,147.30,62.84,85.62,-189.42,166.42,253.11,34.09,71.84,114.18,-87.85,-29.33,25.06,9.78,-49.65,121.18,120.34,54.71,32.37,-57.95,29.60,21.07,-9.61,26.08,129.23,-19.40,14.34,42.23,-75.54,85.35,-54.15,-16.46,1.97,58.59,-1.76,56.71,24.37,-34.15,-74.71,27.14,26.12,70.90
-577.05,-312.86,159.92,-289.89,-45.27,-403.59,-22.53,376.73,-130.68,-290.15,122.90,116.68,166.81,-228.97,134.17,213.87,-81.33,162.32,154.04,-35.79,-14.82,-153.15,58.81,-104.57,55.09,70.85,91.01,-115.29,-24.34,-51.23,19.84,-40.95,-130.64,120.94,31.38,-22.14,18.91,41.45,75.34,65.30,-23.25,26.90,121.14,-22.53,72.71,36.47,24.20,-15.16,66.11,-28.28,-32.10
-524.86,-511.25,155.07,-328.13,-63.14,-289.17,-95.85,664.19,-87.81,-398.24,47.03,-31.05,-42.07,-112.74,144.36,148.89,42.93,29.98,184.51,-56.31,-14.88,-54.22,59.41,62.11,20.11,0.26,5.95,24.72,-29.42,-24.13,35.24,-5.04,-45.13,78.06,31.41,-3.44,61.16,-90.52,88.43,11.99,-27.07,-36.82,94.89,29.39,59.83,75.19,-26.91,-6.20,-9.48,-8.46,-18.15
-752.82,-590.75,214.07,-474.08,-67.42,-266.57,70.14,477.03,11.91,-259.71,79.49,-136.09,-42.65,-105.64,37.44,334.55,28.89,20.63,104.89,-26.82,-75.59,-10.85,75.24,84.29,-69.66,48.55,-34.59,6.47,-54.00,82.06,84.06,-39.87,-92.45,72.50,-13.54,41.04,79.16,-28.72,99.44,28.30,-12.51,-5.01,90.34,16.51,112.39,20.99,11.20,-4.64,35.52,-120.59,-19.83
-498.75,-337.67,403.68,-208.78,-88.64,-399.48,23.49,463.21,-235.39,-379.75,6.67,123.49,-46.52,-179.19,49.19,144.60,-11.20,68.44,134.66,-57.45,-12.27,18.65,36.38,-14.78,120.94,85.16,76.13,-47.98,19.77,0.34,55.61,42.70,-52.13,70.12,87.64,-40.25,24.70,-8.10,72.78,97.94,-47.11,20.99,70.88,-0.90,121.32,24.72,-2.22,1.42,14.24,-35.27,-16.94
-447.53,-415.26,152.54,-307.89,-105.75,-286.22,-52.72,611.07,-83.75,-351.38,76.30,7.68,-94.35,-112.76,5.48,134.60,94.83,71.75,186.77,-28.13,45.54,-0.68,-12.41,28.28,38.20,61.02,22.43,-48.03,-42.44,33.85,-20.15,32.08,-0.22,60.78,100.63,-26.60,49.66,-17.43,37.39,-51.35,39.41,-3.18,79.14,93.99,88.28,67.98,-85.11,-7.39,-20.25,-59.03,11.54
-724.66,-350.28,558.44,-262.58,-182.81,-280.43,67.73,393.13,-247.36,-312.25,89.68,72.37,-84.73,-99.54,-29.35,118.39,64.56,77.32,164.82,-41.59,54.96,15.77,-19.04,-26.95,128.92,113.33,35.53,-33.65,64.04,-66.51,-40.36,-26.09,0.67,66.78,36.46,-15.10,49.37,-52.48,27.68,16.81,-45.24,-38.86,56.47,88.19,111.65,3.02,-28.62,7.43,-14.54,-31.21,38.12
-501.11,-447.13,285.01,-339.08,-82.54,-288.31,-4.41,526.29,-72.32,-362.53,4.55,-36.69,-114.49,-109.08,63.23,191.80,75.63,-0.50,89.46,-43.39,-1.14,0.64,1.03,78.02,80.06,44.82,-22.97,8.45,-32.42,3.50,55.26,-19.43,-35.91,75.53,15.33,8.34,16.88,-84.29,87.51,6.95,-45.73,-63.00,89.25,2.11,103.98,114.04,6.04,-11.61,6.59,-48.26,-12.79
-211.13,-470.30,-173.21,-65.68,178.49,-258.95,-35.76,493.80,-51.95,-338.43,142.94,67.69,18.66,-231.00,52.81,72.06,10.96,99.23,259.23,46.44,-106.97,34.13,108.14,137.88,213.95,-25.94,21.86,-68.13,-121.60,104.05,130.55,7.77,-58.40,2.80,-31.73,1.97,-48.22,-40.72,-58.66,20.72,-89.71,13.69,-16.63,-73.37,-11.81,49.79,56.22,2.96,102.59,-6.74,39.87
-238.36,-626.04,282.56,-206.62,39.17,-232.75,-16.76,884.74,-0.59,-362.78,48.67,-98.35,-66.82,-37.96,131.25,-10.57,-40.15,17.44,321.74,30.95,-44.10,-54.06,161.43,184.01,113.62,-51.88,33.04,3.96,-56.98,3.97,98.12,105.24,-39.54,45.51,-5.78,26.95,-112.54,-99.04,120.62,104.99,-14.99,-53.01,85.09,37.19,22.38,84.77,52.23,-15.27,-53.89,-63.56,58.08
-291.58,-340.62,20.55,-143.54,27.66,-268.31,-166.75,514.20,-94.62,-345.99,94.75,159.45,8.00,-116.24,40.98,38.32,-70.39,100.88,143.53,-36.02,-53.86,49.57,44.74,57.10,94.96,6.30,2.25,-99.03,-20.35,-24.70,73.14,45.61,-101.23,-17.15,65.21,-41.98,-4.10,-9.53,49.32,19.57,-15.70,12.71,30.73,-36.67,14.62,8.96,52.39,-45.68,33.68,-49.86,-34.42
-546.78,-688.93,208.48,-434.54,-93.84,-297.90,-20.67,866.90,-38.48,-279.95,230.47,-101.57,75.03,-65.18,165.05,274.03,73.89,-35.66,210.19,-50.26,-46.96,-98.97,89.87,131.78,2.92,44.80,-84.09,84.14,-56.91,-59.78,9.72,-74.20,-39.42,76.86,-13.84,-19.36,31.71,-73.87,10.21,64.55,12.03,-11.81,76.91,65.59,112.85,13.61,-29.80,10.98,-25.80,-1.26,51.19
-690.91,-415.76,255.87,-397.62,-140.94,-284.02,0.09,419.54,-142.71,-419.09,65.67,5.28,-61.77,-137.64,58.92,299.06,78.98,66.80,78.05,-59.50,26.08,30.19,-72.61,-33.55,35.71,110.40,24.40,-6.93,0.04,2.82,2.45,-58.18,-57.50,104.32,69.79,-51.80,77.92,-52.01,106.35,-30.11,-27.73,-72.64,103.48,68.77,99.19,78.66,-41.36,-21.34,5.09,-36.62,-1.48
-251.28,-683.51,200.99,-300.25,44.92,-219.24,-103.02,915.97,-34.80,-367.33,49.11,-88.83,9.15,53.86,224.10,27.31,19.88,-67.17,189.03,-14.37,-32.97,-64.59,167.22,224.48,145.47,-46.59,16.56,39.99,-33.56,-43.17,65.86,143.56,43.75,41.46,15.63,29.75,-71.42,-82.35,137.19,76.77,-20.99,-32.02,57.80,32.12,39.81,78.82,13.97,17.87,-60.51,-45.54,34.28
-1340.56,207.12,943.86,-12.67,-314.82,-293.13,220.45,-58.87,-285.75,-216.83,-134.60,-87.67,-147.86,195.65,54.64,152.04,58.77,-80.88,189.03,51.15,-13.44,-82.13,-60.66,-70.57,-41.34,-96.42,99.58,-1.54,-51.55,-45.55,-15.64,-89.41,-107.18,162.39,73.97,2.50,22.79,-58.92,25.69,141.66,-34.97,-3.72,163.21,82.64,89.81,-20.01,72.55,-163.18,-58.65,-26.48,-88.82
-451.06,-1756.49,353.01,-147.08,-671.92,-196.08,405.17,586.99,58.72,94.09,-308.36,-89.94,-37.65,-7.81,17.92,192.39,-376.00,-352.84,169.45,147.72,4.31,57.48,-122.27,291.21,177.39,-41.25,95.11,-63.55,-258.11,26.07,-5.80,5.87,2.89,171.62,-20.13,170.84,-4.63,66.19,13.33,32.44,-77.30,-87.53,-46.88,21.22,215.70,32.09,108.55,36.92,-59.11,-147.85,66.23
-738.40,-1537.37,704.76,-240.95,-554.09,-235.83,766.13,317.90,-3.58,-324.68,-244.40,-12.95,-70.78,-0.39,136.10,307.45,-160.71,-287.04,256.53,479.92,-87.21,-24.07,-295.92,222.21,192.32,-14.10,121.63,-4.79,-207.99,66.31,49.52,-91.07,42.24,286.35,-26.48,165.32,-20.58,133.04,-16.82,45.10,-78.52,-104.16,41.54,80.97,142.19,82.26,68.08,69.77,-37.03,-107.27,29.36
-429.60,-1311.62,719.36,-130.87,-724.76,-316.45,359.68,95.01,-14.10,-10.18,9.10,84.92,-76.11,4.47,-5.25,256.56,-348.34,-400.22,-8.27,159.65,10.70,250.04,-313.52,-54.89,113.41,84.92,124.58,-31.68,-60.86,-64.27,37.64,-182.65,-42.41,94.54,-99.25,69.57,10.70,126.47,-7.95,49.24,-40.74,-136.49,-80.06,111.43,149.41,-42.62,17.97,-37.06,-41.81,23.62,58.45
-38.67,-815.97,27.42,-194.92,-100.37,-241.96,146.13,59.74,173.48,-35.73,75.88,65.36,104.50,-266.85,179.41,242.31,-120.64,-164.12,79.92,285.28,-77.81,41.16,-153.26,62.03,62.44,47.12,-0.22,15.85,-113.76,108.84,56.29,-129.18,-69.12,161.84,-31.37,80.72,2.82,67.04,-112.59,47.44,-54.02,-55.59,-1.83,-10.14,183.87,-89.47,1.10,-40.28,7.53,58.38,34.31
-207.63,-1085.54,605.74,-228.02,-487.70,-273.49,402.03,262.82,-5.60,-99.17,-32.07,-1.42,74.57,-116.07,144.78,285.51,-199.52,-222.17,119.07,318.52,-47.60,12.63,-242.84,39.71,89.86,51.54,52.77,78.26,-49.01,50.74,59.92,-135.11,-23.67,239.81,-76.10,57.83,-85.15,67.52,-18.28,65.23,-42.60,-83.02,41.30,80.72,104.34,-39.10,58.09,69.67,13.21,-44.54,26.56
-558.24,-1545.64,225.78,-311.53,-644.06,-353.69,323.95,155.45,111.74,-28.37,-138.61,-72.19,-209.12,-152.73,51.34,210.18,-365.08,-309.84,69.66,198.64,19.86,186.74,-287.51,31.55,59.37,78.46,85.67,-32.20,-95.23,32.48,12.54,-67.04,-43.86,142.31,-64.70,137.84,10.74,196.93,12.11,38.46,-62.92,-149.34,10.74,92.78,217.29,-30.10,65.35,40.19,-24.97,-30.36,50.24
39.17,-770.27,-139.36,-137.10,-135.12,-26.58,-136.81,278.17,-302.68,-269.62,-233.64,-75.03,59.95,271.32,59.47,-27.57,-215.88,-213.04,-107.01,-62.09,-87.01,12.72,16.85,113.65,-247.08,92.26,102.86,-32.14,-0.25,-104.42,-23.74,-90.18,-122.65,8.87,78.05,31.54,-27.21,77.52,121.80,25.44,98.81,-9.84,36.47,55.71,101.63,22.94,20.78,142.33,30.03,-69.47,-23.88
-612.42,-655.59,459.92,-193.63,-193.50,-307.08,-30.89,-195.09,-205.93,-307.65,-8.55,109.75,-102.01,108.79,196.04,121.18,-127.19,-95.49,0.62,26.64,88.08,-54.70,34.79,-5.89,-22.42,24.30,152.25,41.49,-71.15,-60.29,-7.29,-146.14,-74.04,122.11,121.68,96.63,20.86,52.76,69.02,45.66,39.31,-76.74,75.63,70.96,180.03,-18.39,-34.27,55.63,14.47,-28.31,-67.58
-409.76,-617.88,69.58,-304.84,18.02,-114.76,0.53,280.31,-146.07,-142.12,17.63,-205.60,-24.84,82.52,149.07,49.73,62.76,-100.29,56.28,21.75,13.95,-110.25,60.20,111.73,-89.31,-96.50,-14.60,13.92,20.15,29.62,26.92,-28.11,-58.02,54.30,1.89,13.11,-10.23,-18.89,4.64,28.61,-60.21,61.15,36.21,34.34,79.76,19.39,53.13,66.27,49.30,-40.99,17.38
-1130.61,-860.67,807.71,-406.12,-211.38,-257.22,218.62,80.72,-280.28,-170.74,-108.39,-96.13,70.31,196.84,231.67,236.14,98.78,-149.66,125.42,213.29,25.59,-53.72,-155.52,63.36,-5.91,173.25,42.32,130.89,-31.94,32.39,75.52,-90.24,-108.89,194.84,56.56,-36.40,-34.74,19.12,-52.67,45.04,9.92,-90.35,72.58,121.57,206.33,29.03,35.15,2.46,11.47,-7.17,-12.00
-1173.40,-1063.00,804.29,-155.46,-341.77,-427.31,185.46,160.99,-161.74,-244.45,-156.30,38.84,-133.11,87.94,234.82,113.86,-26.74,-12.97,142.34,180.09,48.49,-93.11,-5.25,-2.20,-14.44,116.86,101.75,50.03,-79.03,-10.75,-78.12,-136.73,-164.90,90.00,137.76,83.09,-34.52,-8.48,-53.29,28.38,-92.12,32.61,55.11,101.38,92.56,-7.31,85.79,68.21,95.84,-123.26,2.28
34.69,-721.29,494.64,-200.97,-188.43,-116.89,50.70,143.94,116.98,-272.79,-287.25,-85.52,27.37,157.87,-2.38,-157.40,98.28,16.39,-50.63,-55.32,55.95,-142.24,46.45,185.70,83.14,61.63,90.48,63.54,-168.44,-47.37,19.31,-77.44,15.06,15.67,69.93,127.95,57.44,9.51,161.98,86.98,46.73,-94.45,-22.51,55.90,58.50,-26.88,61.60,-44.00,-79.59,-49.27,6.32
-843.96,-521.90,487.68,-442.00,22.07,-324.71,268.68,-56.70,-126.44,-69.01,-186.05,-76.36,73.05,117.32,187.81,227.40,121.09,6.00,16.85,143.16,78.37,-67.66,-118.27,-21.70,100.29,213.85,106.12,101.54,7.74,50.95,30.32,-57.73,-47.70,107.54,72.84,4.36,32.20,40.93,-110.32,-4.04,60.20,-46.46,46.68,98.21,146.63,15.86,35.97,-26.42,-10.58,26.91,15.18
-279.08,-539.14,425.10,-239.63,-291.79,-22.75,427.60,297.30,-89.80,-56.75,-189.20,-55.47,19.80,-79.92,-13.73,-46.01,-207.45,-26.43,68.33,126.75,-44.65,-135.94,-53.15,32.02,19.82,44.79,12.73,9.25,16.84,94.37,38.96,-82.14,-53.39,58.93,64.47,89.37,-43.81,-54.24,-41.41,95.17,-198.57,-109.45,49.75,12.85,46.21,-2.36,-9.66,97.76,-5.40,-99.37,61.37
155.78,-551.33,447.80,-84.57,-180.52,111.80,315.00,382.10,14.47,-22.68,-121.73,-179.89,65.97,-69.90,19.66,14.59,-185.66,-12.78,34.39,122.83,-103.38,-22.85,-36.08,-48.94,44.75,57.35,120.72,-25.56,-2.44,55.13,89.80,-21.78,-47.72,66.93,36.17,71.75,-51.97,8.58,-92.68,12.45,-92.29,121.01,33.02,-39.40,52.47,62.14,34.52,94.03,-29.63,12.03,30.93
-511.62,-817.90,915.52,113.74,-546.77,122.26,295.98,54.68,201.25,-322.67,-274.25,-135.73,-71.39,295.02,396.89,92.17,-225.61,-184.91,192.50,256.28,149.04,57.39,15.84,-60.28,108.76,33.13,79.07,76.16,36.71,-132.55,35.52,8.47,73.98,60.82,60.51,156.71,16.22,-9.53,4.60,-26.99,-18.85,100.67,90.27,105.00,48.91,-54.87,-91.67,-94.86,-42.85,51.53,20.86
-279.19,-546.17,906.41,11.21,-237.72,-14.81,127.52,478.06,-21.45,-32.78,-17.96,-140.04,-68.49,123.99,274.84,271.11,0.00,-153.40,114.66,111.52,27.76,53.07,-6.92,-82.99,88.05,101.37,165.79,-59.18,-5.15,-103.06,121.04,51.31,62.73,58.03,30.89,19.99,-62.94,57.86,25.94,-21.13,19.31,59.80,41.96,26.96,21.27,95.72,136.24,-9.20,93.65,7.31,93.88
-263.89,-648.85,659.77,8.76,-268.01,-87.67,258.34,271.06,16.22,-250.77,-147.55,-206.62,-86.40,42.38,185.30,61.94,-105.52,-126.59,151.02,21.32,57.94,88.54,98.71,16.08,65.35,108.09,178.71,-64.49,83.69,-17.84,55.13,3.23,18.30,-1.15,-11.68,122.06,-33.68,42.12,-24.77,30.62,-7.88,112.40,-33.75,40.15,5.89,-9.95,21.17,27.37,-23.46,36.13,-20.27
-53.60,-650.95,653.96,90.98,-151.39,-18.16,260.17,455.62,1.40,-149.77,-137.36,-168.90,-110.81,89.10,118.69,7.77,-88.27,-127.04,222.57,102.03,90.86,89.67,80.03,-4.89,-28.78,92.70,87.40,-88.42,59.57,-54.07,33.83,-38.16,13.43,35.59,-20.09,82.04,-5.09,50.87,12.23,-6.57,0.13,79.56,59.77,99.34,73.36,16.26,-10.56,41.35,-39.15,-23.71,23.73
-388.49,-931.99,240.96,-136.44,-152.67,-194.31,205.36,540.08,-179.37,-77.04,-179.73,-83.34,-46.53,5.21,69.50,75.68,44.03,-20.84,142.83,177.48,-146.51,30.92,-86.67,48.65,-26.31,1.81,-67.46,30.59,-180.37,115.84,-13.82,49.06,-147.25,109.66,10.48,-12.05,-54.35,61.00,4.82,3.43,-28.02,-27.49,-16.78,30.92,120.39,83.19,68.41,119.69,-43.13,-44.59,101.80
-395.19,-990.95,347.37,-186.36,146.73,-282.39,341.30,439.00,-83.28,183.81,-45.47,-70.28,50.12,-52.97,67.81,40.36,-154.86,-66.62,208.19,270.50,-180.58,107.93,-113.15,18.75,71.30,23.46,14.92,41.58,-149.07,149.35,-16.29,64.46,-41.83,186.00,3.26,46.81,-32.07,46.06,-38.46,-8.31,-152.02,-104.76,-15.85,20.73,52.14,27.86,62.11,56.44,-52.84,-46.06,92.62
-568.91,-963.11,817.92,-76.85,-412.47,-83.14,132.65,407.40,-255.82,-148.23,-242.06,72.61,-128.84,273.80,59.82,-32.27,108.28,-149.91,89.80,282.19,-7.09,59.01,-173.93,188.04,-15.99,59.75,-61.80,-22.79,-57.92,-48.45,13.58,-38.12,-100.31,35.89,-47.20,-14.99,-93.09,84.19,11.81,67.13,26.69,-89.57,23.09,95.93,135.36,66.33,55.96,50.06,-133.22,-34.03,40.40
-313.59,-523.56,156.28,-194.00,98.20,-184.33,160.21,412.30,-265.71,82.53,-76.85,78.15,116.48,-54.74,87.75,40.47,-1.51,-27.30,288.28,216.41,-146.88,-12.11,-90.11,-58.89,-71.55,45.79,-122.52,78.49,-158.58,195.95,38.81,24.47,-141.21,175.03,-79.77,-40.29,-93.61,55.89,-38.11,-44.23,-78.45,-42.80,40.67,26.94,106.18,70.23,47.05,46.81,-53.38,-15.10,76.60
-351.88,-635.82,248.64,-72.26,-232.55,-117.19,169.00,266.19,-192.42,-94.94,-190.70,-85.33,-142.39,94.64,110.96,-97.35,75.52,72.69,202.26,209.18,-74.58,16.87,-8.18,45.36,-23.50,15.23,-43.91,32.57,-112.07,64.54,4.20,66.80,-52.04,29.24,67.43,24.05,-54.47,35.95,-34.92,-51.22,-23.02,-14.97,-7.01,14.27,11.62,26.75,9.39,77.83,-30.56,-18.91,66.91
-429.70,-753.82,884.43,-48.70,-427.95,-272.04,250.97,145.80,-289.75,-23.44,-174.26,16.24,-101.35,-44.45,81.73,-13.46,-27.40,-31.16,50.61,180.78,-172.30,-50.66,7.27,87.33,-20.03,109.66,70.36,31.34,-161.11,62.92,-10.93,72.28,-131.63,83.12,65.25,5.64,24.68,100.83,-90.57,-19.55,-88.60,-68.07,-55.26,11.24,78.42,41.03,17.48,112.52,20.79,-121.46,28.99
-261.07,-556.28,300.17,-0.16,-201.50,-308.44,15.11,-157.67,-280.85,-103.25,-216.69,79.03,-156.90,86.66,178.60,29.88,29.83,21.61,44.51,231.68,-159.65,174.51,-1.94,70.74,-68.69,-119.06,26.11,-11.23,-137.49,64.89,7.90,50.77,-99.36,74.91,6.91,37.80,-36.81,2.30,32.46,-56.39,23.12,20.00,-25.36,47.25,37.47,12.60,-20.15,63.19,21.79,12.76,-3.47
-354.65,-874.70,405.89,-104.55,-264.30,-249.12,117.31,220.86,-137.03,-80.49,-170.19,-117.42,-100.95,122.62,229.57,-29.51,-22.67,-102.54,157.49,141.14,-165.44,27.55,29.21,68.53,-33.31,-87.08,-7.60,85.38,-187.07,66.03,-9.95,76.45,-55.42,69.50,-38.86,16.96,-16.12,-23.82,19.54,51.73,-107.43,27.51,1.44,36.44,-7.10,59.59,-26.49,43.45,23.38,-27.34,9.57
-712.48,-951.60,655.12,-177.64,-277.71,-324.35,230.30,244.76,-121.76,-73.81,-204.35,-111.63,-166.08,8.42,222.15,59.79,100.38,-53.05,67.08,186.64,-122.98,-0.95,7.22,178.51,73.91,23.84,38.01,-4.66,-139.92,74.64,19.07,115.94,-94.83,9.08,40.17,29.27,-48.43,43.63,-15.38,41.45,-39.93,-2.97,-18.17,34.54,75.39,53.99,36.39,65.26,40.78,-105.71,11.46
-549.28,-1208.84,763.36,-89.77,-280.01,-250.48,190.38,623.06,-261.62,-146.55,-229.73,-76.14,-52.60,197.01,116.95,51.63,-71.49,-169.41,154.33,234.50,-176.62,57.62,-103.49,60.70,-105.15,56.95,12.54,15.06,-159.89,22.48,-18.94,-2.68,-147.10,132.25,3.46,44.16,-75.66,100.01,16.86,27.89,11.35,-79.01,5.88,66.42,158.26,71.61,65.41,34.94,-45.08,-47.60,87.39
-263.29,-773.91,581.13,-103.19,-217.81,-168.66,90.42,327.77,-387.42,-115.19,-241.08,43.58,-73.52,144.46,94.23,-2.41,-18.19,-123.82,109.15,163.35,-104.73,95.96,-71.43,49.53,-77.29,12.27,5.06,27.28,-105.44,23.39,3.29,9.38,-77.93,14.89,-19.76,30.04,-15.37,98.41,42.02,35.64,25.30,-33.68,13.96,41.22,98.78,22.88,30.90,21.64,-74.79,17.18,59.99
-202.12,-858.14,347.85,-90.54,-84.93,-363.73,266.68,389.96,-195.70,72.87,-107.11,-18.66,-50.00,-61.36,36.78,37.68,-135.99,-26.96,218.89,185.47,-177.48,49.63,-25.08,180.71,27.67,49.56,49.53,0.99,-174.61,107.25,18.36,38.06,-70.22,44.20,9.76,31.94,16.20,54.89,34.69,18.98,-69.40,-85.59,-63.87,0.53,145.89,82.87,12.98,130.89,6.77,-109.00,90.52
113.76,-681.76,455.44,-130.81,-252.96,-93.62,246.33,376.05,-10.32,27.67,-240.59,-64.22,-30.88,-31.90,164.10,28.98,43.91,61.98,17.84,72.29,-24.05,76.86,13.82,40.12,-34.22,31.61,-15.72,37.71,-93.62,89.56,49.14,123.38,-49.16,-21.02,-37.71,56.57,-24.73,45.28,12.18,-63.98,-43.65,-4.33,-85.87,-37.72,20.77,48.72,32.99,78.29,-61.07,-19.32,45.09
-232.42,-661.92,240.57,-138.13,-206.61,-162.79,169.82,272.47,-188.34,-57.28,-207.10,-2.04,1.22,87.17,85.29,53.79,41.78,35.27,143.78,184.18,-137.35,17.74,-23.03,41.14,-25.32,-7.31,-1.13,46.92,-130.24,107.14,-8.11,87.50,-122.40,147.79,-5.65,8.50,-25.71,55.62,14.87,-17.86,-4.79,-23.27,5.98,-0.38,56.16,30.37,55.56,70.01,-47.43,-30.11,46.74
-537.05,-882.10,372.94,-169.70,-228.52,-235.04,382.97,130.19,-290.83,-123.20,-251.82,2.88,-86.15,10.26,132.84,73.25,36.81,12.37,32.37,201.78,-139.75,68.39,-5.63,1.10,46.45,-40.75,9.24,69.14,-108.98,76.55,-8.99,70.89,-53.40,92.86,40.06,34.39,31.81,57.80,28.14,3.69,-41.48,-45.77,-71.89,32.59,97.28,8.76,43.58,60.31,37.82,-111.64,31.11
-419.22,-415.06,179.41,-180.73,-191.08,-189.67,-6.72,58.19,-231.56,-53.20,-178.33,88.26,-14.16,82.83,122.80,-50.38,12.48,64.93,150.96,155.56,-83.81,25.37,2.50,-49.70,-60.22,-24.30,-45.20,57.12,-60.10,65.75,-22.74,90.83,-77.93,124.59,22.44,-10.83,5.28,83.57,-20.66,-3.27,-20.56,31.40,7.39,44.52,25.37,-22.31,57.08,33.37,-64.08,6.88,13.22
-696.00,-1442.34,1100.06,-88.73,-365.26,-279.41,292.05,864.05,-298.12,-204.60,-238.07,-107.34,-27.10,214.44,174.93,96.33,-56.20,-237.16,262.78,277.69,-153.85,50.76,-130.40,58.18,-135.43,87.99,-13.81,39.94,-176.99,31.73,36.89,-19.94,-154.00,158.95,22.20,30.14,-85.32,113.73,14.32,34.34,-5.64,-78.65,12.00,112.96,174.03,91.64,107.42,94.80,-40.80,-83.80,119.36
