622.30,-26.22,-338.42,129.66,77.13,164.59,-148.10,-78.99,-55.36,-82.26,43.37,-18.83,-202.09,-98.85,202.48,-244.92,104.27,29.56,100.56,-40.70,30.30,-83.68,-79.59,-107.42,-47.43,130.48,44.17,-72.30,-90.47,-8.18,23.34,98.23,29.56,-50.15,58.82,-22.20,-64.58,-151.27,-6.59,-106.82,-72.92,21.12,27.54,-23.55,8.86,103.78,61.72,-56.29,32.48,29.40,101.48
551.39,-215.35,-794.66,54.98,193.40,394.04,-158.36,-706.55,11.58,288.48,-163.89,53.05,-5.60,-393.36,-147.16,-381.50,177.85,27.74,52.88,35.57,-180.01,-97.22,5.38,-178.38,-6.00,179.13,91.37,-195.42,73.60,-229.35,27.17,-140.27,84.71,195.79,131.41,9.10,-62.66,-36.12,-31.44,-51.86,-38.95,-43.65,19.27,-18.62,8.01,71.04,-0.37,-9.88,43.19,-74.38,-115.10
533.29,27.56,-106.46,303.10,-118.93,175.02,-160.76,-93.74,150.23,221.39,159.02,-177.99,-119.67,-156.79,149.09,-196.62,210.47,87.20,290.70,-215.54,65.35,85.05,-125.95,-131.73,-69.49,74.21,-72.32,-178.20,-250.41,56.37,-59.11,22.23,221.96,138.93,-132.49,-54.88,-143.05,-169.14,-113.84,-0.30,206.17,154.95,282.91,-26.42,91.06,15.30,-23.17,-40.97,-155.44,116.03,54.32
222.33,378.53,-182.56,82.39,13.13,199.93,-14.00,0.30,125.99,97.70,147.78,172.01,-41.33,-88.99,194.37,2.12,105.08,-219.77,-65.09,51.68,89.40,-77.54,187.37,-102.58,-6.54,-32.83,138.48,-77.49,13.32,157.11,-141.40,38.18,67.37,32.31,-59.28,-69.16,30.70,-49.54,-88.64,-31.38,56.10,40.76,-84.51,-14.53,-4.93,-91.18,-1.76,-111.17,99.36,4.48,-90.56
336.92,492.62,-326.95,309.86,-41.89,236.27,-43.74,-77.16,-10.85,36.34,237.33,-30.41,-123.01,-10.06,163.43,35.05,29.85,40.29,22.16,-36.05,94.02,65.36,-37.71,66.78,136.03,-94.55,-78.69,31.03,-13.80,152.01,36.39,99.63,2.89,-155.44,24.10,10.21,24.40,2.15,71.96,-61.38,-6.08,-98.16,77.53,-20.25,5.46,-73.27,-8.10,-35.32,2.89,4.94,-27.53
453.91,174.87,-115.70,-261.16,-51.75,317.58,138.41,19.75,-224.55,-186.24,285.41,-295.72,-129.62,-247.12,-27.79,16.28,-18.26,139.05,8.18,57.25,54.75,238.28,148.85,296.29,-213.05,-118.33,46.42,47.01,80.30,51.62,87.30,-113.06,-41.01,-135.84,139.91,-43.54,91.54,24.70,-75.07,77.81,-29.73,-46.78,25.24,-15.47,38.47,-12.41,42.85,52.43,-146.59,-229.53,114.74
685.12,-436.93,-411.15,117.68,266.19,60.16,-28.05,-367.11,-189.09,311.63,-215.53,42.12,-59.06,-134.44,25.07,-193.68,69.96,-117.98,-279.33,-181.67,-147.77,53.49,-53.10,18.53,-62.35,211.10,81.26,61.01,-8.78,-37.72,-12.41,79.85,-100.90,140.77,106.27,-54.12,-4.42,-35.95,95.38,3.20,142.41,-5.34,86.46,79.08,71.70,169.55,-160.92,-16.33,15.81,-52.42,-93.93
751.70,-136.22,-596.40,-178.25,81.49,47.19,-32.68,40.46,-108.07,-25.01,249.41,57.39,185.84,156.26,-82.02,79.17,65.03,45.16,52.04,79.56,12.11,16.52,207.91,-54.41,114.00,56.05,-15.35,3.84,40.45,54.78,-12.03,-80.89,19.77,-13.02,9.55,-44.32,1.65,-132.66,8.66,-41.46,15.89,61.02,-2.48,53.13,29.53,-16.83,22.69,59.65,-20.11,29.68,41.56
590.27,231.83,-275.01,-28.37,-73.83,337.86,-87.36,-191.08,57.51,-142.19,-11.34,10.16,-39.68,-10.02,177.60,-9.42,34.43,-42.83,-64.42,-18.86,24.65,-79.48,14.05,12.80,61.85,46.71,50.24,58.36,34.12,-5.63,-62.46,65.88,-8.89,-96.11,-29.37,-72.68,-20.92,14.45,-41.46,-103.78,-92.40,-59.07,-17.52,40.85,-10.92,12.32,61.00,-4.76,13.04,47.44,-14.80
269.42,457.52,263.00,539.53,-255.65,75.01,473.06,-472.15,-156.86,-167.61,-128.91,154.98,26.08,-9.22,-16.95,-38.42,-137.62,-3.46,105.80,-31.63,98.00,-154.83,124.57,16.13,-187.44,52.92,32.71,-5.52,-0.05,-121.60,-29.55,104.59,146.82,-239.04,-105.13,-166.49,-8.44,56.81,-150.14,-63.80,-37.46,-25.18,-179.60,-117.46,-35.98,13.62,-23.61,74.09,42.35,-67.70,31.67
-454.23,449.82,-536.73,218.74,-146.16,533.12,43.44,-193.46,-34.65,-69.76,-98.02,115.05,-20.54,45.13,194.56,-13.81,80.97,50.67,-46.29,-101.37,59.43,-195.84,164.95,63.90,50.39,-244.10,70.43,-38.87,1.02,47.59,-113.63,176.43,90.00,56.43,57.47,110.83,49.80,65.91,-61.73,-93.81,-118.48,-59.65,35.51,17.51,46.38,-6.37,-35.15,-5.24,-41.39,59.58,-53.05
-80.26,-482.68,-1127.32,270.46,170.74,31.78,-238.12,236.08,30.68,-34.93,32.47,-161.79,-53.10,-159.35,-11.04,5.43,39.30,207.48,-91.98,-72.09,-63.65,-28.92,61.89,1.06,-30.20,-42.49,-107.45,7.08,17.40,-27.30,51.57,121.94,-39.40,-26.49,-78.20,-57.49,-12.61,-120.48,27.37,-86.93,-36.55,-96.97,-19.53,-77.65,43.61,32.39,-8.47,-30.71,-33.53,-100.48,22.86
230.46,-41.25,389.19,203.07,-62.95,352.86,244.65,-151.45,-328.56,-197.33,-58.92,317.21,11.62,68.74,52.80,-75.36,-14.54,40.22,21.82,12.72,134.27,-81.62,68.80,-86.00,-56.80,53.91,0.24,113.77,68.81,-175.79,-28.24,76.69,-104.68,-198.22,-10.70,-52.05,21.52,54.61,-48.51,-52.66,13.60,-8.55,31.69,37.30,-9.34,23.53,69.43,20.66,15.03,67.43,-68.79
-31.03,201.97,-689.08,86.71,-187.53,317.90,-233.86,-239.52,232.47,-149.26,-1.28,-97.99,37.84,-150.91,179.01,-46.09,83.32,123.05,26.09,-83.13,128.58,-123.74,15.76,-3.19,28.55,-12.63,60.79,45.45,16.92,26.03,9.44,136.88,-0.94,10.22,-51.54,0.59,26.25,-47.43,-138.87,-30.66,-67.51,-21.17,-33.14,51.17,2.39,50.14,76.85,-75.04,22.96,28.22,44.92
500.13,299.90,-334.61,-191.89,260.15,178.48,-389.35,-208.13,290.76,-197.89,-42.25,148.04,27.36,-46.39,-106.24,98.96,-72.70,65.64,-156.74,93.16,237.73,-79.85,50.92,-13.43,63.59,79.90,-37.03,26.15,-13.11,137.69,37.42,40.16,-71.98,112.09,-51.42,91.43,99.59,-88.49,-37.39,31.71,48.61,1.89,3.52,-98.68,16.12,-10.06,-32.40,-45.14,41.62,-69.73,-31.91
407.89,330.48,-308.29,253.70,9.27,-33.41,-201.60,-79.77,401.07,219.83,25.79,-209.29,-104.65,-99.26,-69.60,-46.14,-231.15,270.69,8.35,113.81,236.95,-28.77,-164.39,-36.96,-111.47,30.29,-142.24,-125.31,66.58,-32.38,-167.10,8.17,-38.76,184.50,-28.86,5.88,11.79,19.37,-30.71,-8.83,-66.36,20.36,-53.28,-28.99,-189.61,84.00,17.59,43.19,32.17,-144.66,-5.71
105.05,98.23,-217.09,-160.27,503.08,115.35,-219.60,-777.75,300.95,73.39,-172.92,282.84,-221.99,-48.98,-1.00,53.62,-242.04,-188.20,143.11,-124.37,-153.08,123.49,-78.35,151.69,-3.33,-27.53,-240.61,1.94,24.55,60.49,45.85,-157.18,225.98,114.41,-126.94,-23.63,-21.62,35.42,122.70,46.05,-105.88,-110.09,3.63,39.05,2.86,-48.32,-48.74,52.39,44.34,19.46,15.36
444.47,631.48,636.48,248.65,-714.11,560.05,198.71,-422.98,-112.83,71.49,-440.61,190.19,-19.01,47.50,4.46,13.83,-64.02,-136.66,-25.98,187.65,-246.71,-117.85,43.91,3.94,-34.68,-148.58,-91.46,126.70,15.64,-106.18,-148.77,-93.30,35.40,10.72,-16.35,6.01,16.74,-113.60,-19.92,-137.04,75.98,-154.83,-58.05,109.97,-57.26,188.27,93.29,3.26,27.48,-61.93,18.85
638.55,84.89,-767.06,-195.94,270.32,116.51,-318.08,212.29,120.21,-87.76,102.00,-16.47,14.19,-49.16,139.11,15.90,-95.61,-44.41,48.50,-12.91,8.51,187.55,14.28,-19.30,22.84,-51.06,4.39,-33.43,38.88,-84.51,-17.31,-49.16,7.00,129.76,-76.97,55.24,-13.98,50.85,-64.13,-0.95,41.17,-42.40,-60.45,6.26,29.61,-19.12,-26.45,-39.24,55.46,-56.34,45.41
26.93,294.32,-328.31,210.50,-79.20,204.04,-257.96,-242.82,18.29,-84.58,401.83,-1.29,-124.46,47.44,245.16,28.21,187.93,49.03,129.23,-24.04,57.08,116.78,-38.07,17.24,-73.23,-149.80,-151.99,-17.01,94.94,142.60,-7.19,-69.06,-5.22,-57.79,-21.69,0.62,-13.97,45.41,29.66,-55.76,67.99,-120.81,63.06,14.63,-33.26,-91.74,-128.83,-65.94,-11.98,36.60,-42.86
27.48,-383.42,-765.76,-207.56,126.61,50.55,-34.25,-13.24,-131.63,-39.54,286.25,94.35,231.71,181.55,-141.00,100.06,68.21,89.30,88.65,111.56,11.36,57.18,243.06,-63.62,146.35,70.72,-27.81,-3.01,30.58,70.28,-4.04,-93.82,21.05,-10.16,7.30,-56.77,11.31,-160.16,-0.01,-35.05,35.91,71.37,-0.70,56.50,45.25,-15.46,16.26,85.55,-23.42,33.92,43.31
514.33,-191.39,167.95,180.63,-124.44,-98.87,-79.93,13.11,-38.57,124.77,57.12,43.62,7.53,180.65,86.32,87.90,14.89,58.59,-64.89,136.38,130.22,-35.05,-54.15,57.25,-75.87,48.80,59.46,28.57,-16.43,-147.86,-37.93,10.43,-48.05,-38.77,81.33,-125.89,-43.68,-20.46,20.56,-24.14,-82.99,28.78,87.02,120.47,-179.49,38.16,86.21,-48.44,43.25,-66.86,-94.21
-362.19,-63.90,-498.87,87.43,-222.66,411.25,-273.19,-22.23,37.92,147.89,258.52,7.68,55.42,-124.57,146.48,65.13,-18.86,-135.02,7.07,-143.63,13.74,191.84,-127.91,111.72,192.80,-84.74,-140.99,54.84,1.89,71.65,39.35,-10.09,-74.06,-198.09,6.09,-47.43,-128.40,13.55,96.11,17.25,191.98,-95.15,35.86,0.81,-58.29,-69.26,108.79,-17.23,45.79,-89.11,-14.04
849.94,227.45,-598.68,182.87,31.47,-88.00,-167.47,-101.62,321.05,91.87,-153.39,-140.38,-173.85,-32.81,21.83,-92.06,-130.26,74.45,104.50,-10.36,179.81,42.67,-93.57,-80.17,-51.49,4.34,-175.10,18.53,19.80,-8.51,-175.94,66.29,-35.34,90.32,-76.15,-92.46,32.37,-5.91,61.96,-10.72,-72.46,53.52,47.56,-63.76,-102.08,39.16,67.19,27.16,-83.53,-72.75,-106.43
1031.65,90.95,296.30,-161.14,259.46,107.35,31.14,-175.93,49.65,-148.66,-49.96,-192.81,33.26,-33.53,205.68,21.12,-10.82,-144.69,-11.56,-95.60,30.78,-102.51,15.61,-11.38,-47.93,-80.81,21.64,19.81,-99.24,-38.64,10.34,83.03,40.86,32.88,-25.35,-72.92,-45.95,4.90,-25.79,-72.71,64.57,-16.65,69.87,60.11,-13.04,-65.23,-75.08,60.87,-45.90,-33.38,21.30
919.41,599.73,-939.71,334.18,551.16,-265.31,-284.48,29.41,-6.77,132.83,264.83,45.21,-155.01,-87.78,104.79,10.28,-152.80,12.42,-290.10,-46.86,82.76,0.68,146.28,163.86,-157.41,11.72,-28.51,37.62,87.73,-149.12,-141.37,12.73,105.65,-141.46,-1.85,18.37,124.42,-49.28,124.32,-71.35,148.64,124.01,-179.95,70.30,-27.71,-27.21,-56.49,44.58,54.21,10.53,55.75
622.79,717.35,-787.39,154.91,562.19,31.06,-69.72,-114.29,25.02,-61.10,130.53,1.08,-0.59,171.17,79.76,93.24,-149.31,42.81,-205.78,157.01,184.20,43.22,117.10,-11.13,-23.72,98.32,-112.80,-30.88,10.93,-31.08,11.03,-78.93,59.98,-54.71,67.56,-78.30,47.23,-118.92,-5.67,-67.72,48.25,18.73,-28.26,4.94,-45.17,-47.40,39.18,-13.90,-30.10,45.23,93.99
149.17,305.10,-280.27,206.83,-131.27,458.90,-83.49,-98.58,69.96,-34.29,13.28,-0.80,61.50,-136.07,160.01,-25.75,-62.45,54.30,-25.85,-89.43,164.27,-94.57,-20.50,90.36,174.70,-2.03,81.84,4.54,-197.07,36.38,-23.13,116.67,-94.06,-119.52,-29.12,58.26,-72.19,-84.27,-75.80,54.07,57.53,-106.99,5.35,124.00,47.20,-24.35,105.07,-98.20,51.22,13.17,-91.45
611.03,855.37,-755.01,125.54,544.77,24.99,-47.27,-141.82,33.98,-80.88,123.65,33.49,40.45,188.89,61.80,67.28,-152.55,52.09,-217.92,191.67,200.13,51.77,93.59,-23.67,-43.05,119.26,-136.32,-3.97,-13.58,-63.39,58.30,-80.04,80.27,-60.58,54.88,-70.47,63.51,-111.70,15.36,-90.91,80.79,-20.95,-25.05,11.76,-28.08,-24.57,33.12,-13.92,-17.64,39.43,81.71
338.49,-94.08,14.11,-105.84,-77.92,145.60,-55.19,-48.70,4.87,306.57,226.49,-13.02,184.96,-36.45,86.22,197.54,62.93,-9.39,188.11,96.58,-14.91,39.95,95.52,-89.67,-12.77,-1.42,23.47,-58.93,110.80,129.94,57.33,20.65,-66.58,-65.95,103.63,-133.50,25.24,79.66,-25.56,-31.34,16.61,49.44,96.68,77.52,-117.51,-45.58,-17.18,104.99,0.17,-91.91,-11.56
635.91,495.18,-152.64,249.30,164.45,263.44,43.59,-227.64,-161.39,309.38,299.80,-97.95,72.50,144.37,0.25,20.74,14.03,120.41,38.90,-119.30,-171.67,-29.65,96.79,64.78,177.98,-48.33,-55.51,-86.61,76.04,103.91,-33.42,-108.11,-18.56,-266.55,-33.20,-11.88,-56.81,-92.24,70.98,109.26,-37.69,91.89,6.86,-52.08,61.11,-79.87,13.69,-40.52,99.66,-41.71,-34.80
400.55,25.95,39.73,-97.78,-57.06,184.24,-23.79,-46.80,4.24,210.38,237.58,-84.77,192.87,8.65,8.19,153.36,68.85,-11.80,173.77,128.62,0.80,139.18,2.90,-92.06,-49.68,-50.12,-63.48,-15.88,76.34,67.18,202.42,57.78,-127.39,-112.03,175.55,-169.03,55.17,39.73,-26.71,-34.56,60.17,-28.25,137.13,96.63,-142.03,-23.01,10.63,84.37,4.46,9.27,-38.06
153.05,586.77,-15.61,361.32,-303.87,488.22,144.31,-921.02,35.59,-97.68,-465.17,-51.23,150.08,-316.15,-552.17,-584.50,328.50,-405.87,-609.68,174.84,-44.15,55.68,-171.05,-20.90,-98.71,110.33,12.54,224.96,-4.38,317.77,47.98,-40.77,-267.51,-31.99,40.41,-96.48,69.02,-58.31,-271.10,-22.42,-109.33,88.61,35.04,54.35,-7.65,-20.23,-207.71,58.19,-89.00,85.26,-14.57
804.95,322.15,-525.75,-190.86,164.46,175.70,41.29,37.54,-252.14,-215.79,106.78,140.66,-127.53,66.57,33.88,54.80,-22.39,85.96,101.73,121.45,57.33,143.20,-41.93,110.16,92.33,-57.16,37.70,25.16,-56.28,18.18,114.65,68.09,-28.85,57.21,-84.85,-5.59,114.68,-42.06,-53.62,-52.18,33.97,7.61,54.69,-17.68,19.57,38.35,28.32,13.81,-57.36,-5.60,-12.06
774.65,318.11,546.98,613.87,-485.92,-40.94,112.80,-59.96,-54.23,-333.14,-53.70,71.32,-78.23,58.89,-242.88,135.28,-193.98,-104.47,158.70,-224.42,46.88,40.13,-178.78,-0.61,-59.54,-136.17,54.84,-7.82,103.08,-88.42,39.30,-5.75,216.47,18.59,-160.45,97.80,138.42,-25.29,-59.66,109.01,35.45,14.04,54.71,-20.03,115.02,-80.36,-19.72,-47.98,-29.77,-22.72,-10.00
738.02,-232.74,-521.36,-49.84,110.86,268.46,-32.89,-204.48,-192.29,50.95,-111.32,100.70,163.53,-105.11,49.64,39.53,56.89,-166.13,1.40,18.16,-47.14,15.63,-33.17,33.25,65.17,-78.53,89.18,39.63,-39.38,-46.15,48.06,-19.67,-79.55,22.80,16.17,126.20,2.70,-4.06,17.49,-0.77,-55.07,-27.25,-81.99,68.24,4.63,27.86,30.87,9.59,40.52,-28.52,63.62
684.14,664.52,-203.40,82.83,-224.51,-470.79,206.07,-8.56,406.12,57.47,-140.80,530.34,40.44,158.26,143.31,-139.18,3.69,-2.40,-78.76,237.77,127.40,279.48,161.51,136.96,172.80,224.46,-134.57,-105.77,70.44,229.15,13.60,7.39,48.95,-7.78,6.33,285.46,-145.59,-34.42,3.82,-94.22,-105.93,17.36,-129.59,-97.50,-7.55,16.67,208.58,130.80,-97.85,81.49,1.71
461.03,16.29,-242.44,62.73,431.52,42.74,158.43,-201.99,-316.52,23.00,318.23,104.32,48.26,73.29,-114.15,228.81,-52.31,176.15,-246.99,254.14,-170.23,144.36,-107.64,-76.03,-118.04,2.41,159.23,-92.48,-106.98,-14.74,-114.13,65.72,117.91,-27.60,64.21,55.43,-14.79,13.61,-46.72,-52.19,47.62,-54.89,-56.30,22.49,39.58,-60.06,48.23,74.74,-119.93,63.82,27.01
-12.06,-196.89,-348.47,38.81,338.38,87.94,53.25,-594.16,-180.49,-40.60,107.69,56.41,-45.06,256.35,-203.06,-229.64,136.17,-43.45,164.42,58.12,-229.60,-87.69,85.74,155.25,171.72,-140.38,-281.16,-74.97,-67.70,-49.08,-44.44,12.50,-68.68,144.65,-59.44,-27.17,-16.84,-9.30,-24.71,146.17,54.51,76.09,-48.34,57.68,77.99,-68.60,-6.65,69.34,-14.22,-8.91,-67.03
-53.92,266.61,-289.34,331.27,-3.80,214.87,-39.27,15.62,114.79,114.55,277.96,-5.47,90.78,-128.75,175.22,61.92,-91.45,-2.42,49.65,-12.70,39.12,124.41,-94.85,123.55,24.56,-47.34,12.87,67.85,-28.84,54.24,-49.21,93.35,-80.71,-126.75,172.86,-30.77,-15.52,-57.02,63.35,-51.80,-26.06,33.90,-1.93,23.32,-62.05,6.84,-5.28,-55.62,13.12,-84.38,-11.25
9.94,223.92,-123.65,171.51,-57.04,500.17,7.47,-17.87,-242.01,-126.09,-121.09,238.72,-34.62,-76.26,197.46,83.69,-26.61,58.14,6.47,-62.54,179.21,-88.33,57.04,-12.17,-19.48,-54.21,95.93,2.85,87.46,-71.22,3.22,48.72,-111.29,-6.13,-47.52,68.78,38.33,89.75,-52.22,5.33,-50.79,-55.80,38.02,-44.53,48.76,-53.18,73.49,39.45,-27.27,39.57,-74.68
734.80,163.13,632.75,146.46,-86.70,219.18,-48.45,6.58,160.37,-80.02,-184.89,-379.96,1.36,-63.83,159.45,38.03,134.77,95.17,173.25,-80.99,81.11,88.85,27.56,-139.06,-46.05,7.97,101.50,-102.81,-20.44,-97.57,-13.60,-26.98,123.49,128.64,33.93,-35.21,-22.02,-122.32,58.62,-30.45,22.05,57.51,13.11,47.93,-119.15,-49.85,39.21,60.62,-87.22,23.11,-47.02
371.37,342.74,-68.85,-69.41,-16.68,142.92,191.86,-491.58,-172.26,-195.10,-62.89,222.69,116.21,37.80,-141.39,-65.02,-70.03,61.52,4.94,42.40,70.07,-87.87,35.78,68.70,-168.26,-10.59,-34.84,-23.57,111.34,-46.04,55.54,85.60,-72.29,-123.90,-77.46,-65.91,4.71,-86.09,-61.04,11.63,20.55,1.14,-57.79,72.91,7.35,91.19,-39.20,8.63,59.03,-13.57,0.28
177.53,567.69,-271.78,284.70,-205.60,388.43,-112.63,-333.81,-14.80,136.39,-179.01,-99.88,13.27,74.68,296.25,60.15,119.40,180.75,-142.52,-91.36,16.75,-22.46,-0.04,78.77,-100.99,-79.60,12.29,-24.04,-78.66,70.97,12.24,92.20,-58.43,47.54,-83.77,80.81,-104.51,-42.98,9.81,93.24,-19.52,56.78,-12.87,-0.77,-28.42,61.87,-136.18,-6.94,-45.58,5.67,33.70
-216.87,-205.35,-154.21,94.18,60.35,287.69,-182.20,-144.27,-91.59,-32.08,-6.82,-39.36,-20.78,-47.58,120.29,24.00,91.89,-86.94,-35.42,-84.74,-3.24,4.35,0.17,39.32,179.51,-87.29,-5.76,61.89,-83.88,-17.28,-27.75,-24.16,-39.11,-65.77,-36.16,41.05,-13.84,14.92,-6.38,85.35,76.73,-131.02,24.81,-5.68,20.84,8.74,61.94,-15.87,-3.64,64.73,-21.50
63.40,92.42,-109.68,-642.52,-157.83,175.46,-237.82,317.44,-95.09,-86.87,30.97,-172.16,33.44,105.23,-4.22,-223.12,-134.77,23.08,-72.47,81.65,-90.68,-35.57,7.25,90.86,6.72,-8.45,43.55,12.78,-57.70,61.15,130.87,-34.62,11.73,44.11,45.26,-19.59,7.64,-68.15,-100.48,40.59,51.25,-20.58,6.69,-16.48,-62.99,-87.30,22.39,-68.20,-29.17,-46.43,-49.24
-4.45,207.05,164.32,-474.66,-182.06,90.09,-33.00,205.25,-118.15,-0.87,43.76,-59.37,117.40,105.51,67.66,-214.42,-156.57,28.04,-32.44,102.64,-64.08,44.43,-87.31,8.46,-132.09,38.25,3.75,7.34,-34.29,85.31,76.32,49.91,-24.43,29.05,76.96,4.07,103.41,16.47,-68.53,49.58,4.58,44.53,18.74,-50.12,-58.71,-106.46,56.67,-31.11,9.40,51.46,-24.84
-32.65,207.56,88.96,-507.61,-268.54,169.56,-190.66,353.86,-175.59,160.67,-54.18,-8.58,15.46,-28.70,6.46,-259.15,-101.08,-67.46,-88.63,61.49,-46.28,58.06,44.90,75.42,-5.88,-15.25,10.82,-60.77,-91.15,17.56,73.48,-22.45,52.44,-52.27,67.42,8.72,113.23,-20.72,-33.17,-48.99,10.84,30.41,0.73,-12.50,-1.63,-122.41,4.65,-37.44,-34.67,-1.05,-84.24
-196.51,113.81,-178.23,-430.03,-92.06,196.83,-188.50,167.82,-198.16,-44.14,12.79,-161.21,-187.37,13.20,-44.20,-85.52,-126.23,-52.15,-16.75,6.74,-31.91,-55.37,61.89,39.20,-30.36,95.81,-19.33,-18.34,-32.31,51.73,-2.49,-12.05,88.26,26.40,-66.59,-2.95,12.84,15.82,-21.11,13.18,15.50,-65.61,-33.76,69.29,2.06,21.48,66.31,-0.76,1.79,51.84,-24.67
68.03,-146.45,102.22,-704.84,-226.59,178.26,-153.89,342.79,-176.55,-85.62,2.85,-93.76,-112.29,164.92,5.41,-210.17,-142.36,-18.00,11.35,97.11,-46.08,27.45,-12.62,170.37,2.70,47.35,48.66,-14.84,-40.27,-111.52,46.76,-4.11,-3.39,29.92,58.64,-119.42,25.45,-37.87,8.84,-20.02,-55.99,84.68,-63.91,-46.40,-91.17,-38.69,34.62,11.73,-35.42,-32.88,33.82
123.59,-24.20,24.50,-574.14,-346.87,-261.63,-381.66,17.79,-118.11,116.25,-247.04,12.91,-109.59,227.64,-142.89,43.67,83.03,25.76,33.09,-131.39,115.77,-82.32,-54.79,47.97,79.07,-27.68,32.45,35.87,18.25,116.71,36.73,93.38,15.84,46.40,97.09,-44.07,-7.82,-96.30,21.52,-77.29,4.68,-22.90,-23.66,46.62,33.35,-3.26,15.34,-42.47,-54.39,-91.01,27.50
294.15,-529.44,-481.24,-209.18,-567.41,-428.66,66.10,-88.03,257.17,-169.12,-44.13,-338.61,1.67,5.31,-169.94,-51.56,-30.68,-50.15,-139.09,-79.84,-159.24,38.48,-60.46,14.91,141.35,-150.72,-120.83,-203.08,46.11,-50.48,-184.49,82.89,95.34,-12.74,43.20,56.99,34.93,-27.38,-52.57,-65.44,135.89,-105.25,-102.36,36.06,-15.73,36.65,86.58,-19.66,-67.30,10.35,-87.74
149.49,395.87,-630.70,97.15,146.35,279.37,64.43,-200.00,64.30,-130.17,-267.84,-227.90,34.85,180.02,119.03,-72.12,-121.57,88.64,67.69,39.81,-110.68,-127.47,91.08,-177.75,19.82,-48.64,93.47,-113.01,-9.28,78.74,20.32,-45.50,-146.73,-10.66,-17.25,-0.47,-77.99,30.47,43.11,48.56,-53.93,77.57,-3.75,-27.34,25.56,29.04,-72.29,59.72,-14.88,7.44,28.45
49.11,594.40,-567.39,67.85,-108.17,217.27,188.16,-279.51,28.74,-196.59,-294.26,-308.50,62.54,137.75,59.03,-92.88,-51.85,-5.11,98.58,56.93,0.89,-80.04,62.16,-162.09,-28.74,-84.56,127.21,-92.58,-119.17,16.88,91.11,-13.72,-46.72,22.70,5.82,-100.34,-94.02,39.74,42.32,113.90,35.25,102.57,-17.12,58.56,3.51,-49.50,-26.59,44.59,-148.24,-6.92,86.12
-3.48,720.06,-558.55,22.18,71.54,124.06,84.14,-174.73,184.00,-254.53,-143.07,-290.04,50.71,140.70,8.98,-86.98,-33.01,-44.04,-8.53,86.82,-9.12,72.57,-37.74,-264.57,-97.70,26.40,144.86,-117.69,16.73,19.67,142.10,-49.75,20.21,-53.39,37.48,-103.83,-85.16,125.93,117.76,29.04,59.18,16.15,38.33,32.36,-31.37,-111.82,77.55,-3.82,-110.73,20.98,97.05
-14.87,537.38,-762.66,9.14,52.65,244.03,81.61,-248.22,95.81,-130.08,-240.80,-269.27,53.84,212.79,160.99,-25.16,-84.73,60.70,153.45,5.19,-116.68,-36.77,92.67,-153.17,-6.19,-48.77,83.06,-63.62,6.75,48.76,16.47,-40.24,-145.13,125.68,1.30,-90.88,-108.25,49.39,117.94,41.49,-132.47,130.40,42.64,-8.14,12.53,-0.47,-67.70,123.25,-82.68,-26.65,42.94
124.88,-252.45,-42.77,428.54,-161.36,227.11,-150.49,103.88,241.30,88.30,115.86,145.39,-139.97,62.73,-12.66,-29.99,-38.74,-35.38,-18.64,103.69,-160.46,-96.98,-15.96,-33.57,-76.14,39.36,-96.85,-6.34,-5.99,-141.30,181.28,145.15,-93.51,-110.81,97.91,-49.73,52.57,12.73,27.76,73.39,-131.51,13.63,-135.00,77.73,44.50,21.20,13.50,178.49,-7.75,-19.41,-15.60
116.23,-98.82,-119.97,212.85,-161.07,154.34,-126.63,-44.41,231.23,108.96,145.57,77.94,-112.30,83.86,26.58,-36.82,-224.99,-162.80,-229.48,92.26,-82.11,-93.88,-56.54,13.45,203.80,37.43,-24.63,-109.78,31.26,-59.67,-6.23,-9.50,31.68,53.28,110.89,-133.79,14.09,-32.84,-39.05,-47.91,-14.90,171.15,-11.17,-39.77,153.26,-6.14,67.47,-43.69,88.97,-5.49,24.90
14.39,-183.71,-191.23,343.71,-282.37,-184.07,-338.88,-224.67,240.04,-17.83,365.28,-71.93,-183.69,267.24,15.48,-77.94,-35.40,-100.04,-81.27,131.32,-145.10,-80.26,-77.72,-5.24,152.65,154.30,171.74,-5.50,131.66,-106.34,-79.60,96.64,49.27,-20.00,33.46,-40.78,108.47,91.17,32.19,-51.78,-50.82,12.56,-11.25,-90.74,106.15,-133.14,-62.81,8.92,26.53,-95.51,41.36
-259.16,-139.27,-428.78,461.48,260.15,73.55,-88.74,-74.90,315.33,-162.89,-18.24,-24.88,-111.38,35.42,99.38,85.30,-236.57,29.28,-144.24,62.92,-17.78,-174.71,34.15,174.47,-141.13,145.83,-72.10,103.16,-31.91,-141.42,173.81,-132.22,62.37,32.21,125.33,98.08,-64.29,118.34,-217.75,105.98,15.56,118.85,22.60,28.96,61.76,39.66,124.77,-76.90,36.60,34.39,231.34
40.08,-116.18,63.53,194.60,90.94,161.92,118.00,-74.88,-203.03,388.98,19.98,-163.83,155.14,-38.23,-311.07,12.50,-39.75,74.01,4.51,134.81,-100.27,5.06,17.32,84.19,173.26,-59.42,-27.73,129.17,129.69,-15.53,-67.93,47.51,-35.40,-36.02,-69.62,149.11,-34.81,-36.60,22.52,-17.75,-68.44,44.68,52.20,30.66,30.54,-45.97,-8.09,20.70,-50.47,79.47,-87.40
944.54,-126.99,196.75,107.08,-86.22,55.22,-112.34,30.25,-15.30,330.26,78.98,9.08,134.47,62.43,-236.42,14.57,5.42,-134.46,64.94,-74.62,3.79,-95.14,86.21,-39.98,1.47,11.14,-151.04,139.46,79.27,-51.64,-52.16,119.30,5.60,18.46,32.52,31.39,-48.70,17.69,38.30,18.81,-2.58,12.87,83.19,11.03,39.30,-0.02,-9.54,31.79,-50.33,-6.28,7.85
-160.06,350.25,-439.32,-129.04,-40.05,-54.46,-63.99,-154.66,138.58,311.37,-298.83,-193.20,67.48,152.76,-19.51,-214.16,-123.52,164.84,9.51,54.58,36.37,160.10,105.71,-75.03,147.71,109.47,51.49,126.96,55.64,-104.73,81.00,0.22,55.48,-74.88,-14.51,-23.15,17.58,-87.24,-3.83,-5.01,-21.48,28.54,32.52,-41.68,41.83,-88.98,-101.99,-12.21,91.12,24.32,5.71
41.93,538.19,-274.40,101.92,126.24,-20.51,38.80,19.47,86.11,275.47,-143.12,-284.98,-27.08,62.47,52.05,-71.12,-34.77,45.21,134.40,80.15,-141.48,26.76,184.36,124.57,150.87,-2.37,26.49,64.39,14.78,-63.46,-46.41,-5.09,-79.05,-90.34,-31.66,95.28,228.15,-80.74,-14.37,-89.95,-6.36,-7.99,22.92,34.43,11.12,99.29,-6.17,-62.03,-35.24,0.24,70.52
80.13,497.35,-112.83,249.79,-64.82,-65.42,112.89,201.64,-24.74,-178.64,-175.04,-134.23,-34.44,6.10,-52.57,232.55,-36.94,-49.34,81.16,74.88,35.84,58.73,-1.97,92.60,-44.79,140.64,-53.50,-130.28,43.31,-8.64,-103.81,82.36,-6.13,33.28,51.07,11.21,6.00,13.63,-4.89,19.24,27.32,-30.11,-99.38,38.56,91.86,22.58,10.84,-48.69,-49.74,21.49,9.11
-28.23,-86.99,-351.76,-105.62,-52.65,9.76,-198.24,213.06,27.23,-251.61,-104.51,-67.20,3.49,-4.17,-80.94,129.66,59.09,-68.29,15.32,-17.28,19.55,2.68,26.26,2.66,50.19,60.80,-72.86,-119.27,23.27,40.91,-95.66,-60.00,2.20,103.59,13.07,5.68,5.17,139.35,-39.03,14.99,97.25,-83.73,-46.88,93.72,77.64,26.34,-36.12,6.17,-10.12,90.75,-28.90
311.39,-182.97,-100.52,-330.78,-139.97,50.42,-68.47,95.83,36.91,1.25,-245.15,50.73,-236.38,40.45,123.82,139.55,21.40,45.54,35.73,248.39,-96.98,90.88,-63.18,192.31,65.49,37.45,62.87,24.73,-7.53,-8.34,5.40,-14.49,-53.42,-64.31,24.85,-113.55,-105.07,-34.47,84.38,-11.10,34.72,-17.91,55.44,-97.08,-86.94,-10.13,-71.17,9.39,42.07,111.31,-16.30
211.13,367.02,-26.84,157.31,-248.36,-8.98,46.01,267.88,-43.71,-177.33,-159.95,-27.67,62.22,-66.78,-3.27,148.88,-28.65,-20.43,56.77,37.82,59.89,48.79,-21.03,-23.99,-51.36,57.11,-65.05,-88.67,42.12,9.06,-67.65,75.93,-41.09,-11.38,128.98,-67.25,-52.15,42.69,-40.54,5.75,-48.99,17.63,24.43,73.88,24.17,-56.27,-72.80,-15.87,8.08,54.60,-39.01
-177.28,-47.18,111.43,-26.53,-160.49,82.76,-37.29,226.91,9.88,-208.22,-346.54,-146.96,-40.60,90.94,-189.83,180.32,-6.66,-21.98,-118.75,160.60,-91.45,29.17,-23.21,170.85,43.34,-14.23,-11.12,-73.34,-27.86,-31.70,-45.59,58.10,-5.59,67.90,-21.29,-135.72,-91.77,-17.06,124.54,31.33,55.07,-30.67,-97.95,-43.90,-48.38,-38.08,3.07,37.69,6.56,10.12,26.96
81.56,-275.34,-94.90,-379.68,-451.13,76.19,-282.52,308.16,56.67,-125.09,-171.42,155.33,30.25,77.17,-32.16,48.46,86.24,-58.57,109.62,25.26,-37.53,166.41,28.09,114.94,-29.60,90.64,-66.78,-14.21,54.40,-91.42,-30.82,88.12,-123.08,37.76,-25.58,-15.67,-50.38,-40.68,-27.63,-27.24,-13.37,-41.03,67.39,7.98,25.26,95.34,-40.25,-66.69,-50.34,8.01,16.74
-242.76,-113.44,-112.31,-98.22,-370.59,61.01,-145.50,300.25,74.82,-149.26,-278.30,25.16,45.41,-10.30,-105.40,133.76,38.23,-72.28,88.75,37.04,-56.57,149.90,42.00,82.41,-93.24,97.86,-92.36,-78.46,49.42,-25.14,-39.82,27.46,-45.33,22.45,-14.42,-0.57,-3.11,-26.48,4.85,-10.84,23.23,-60.55,25.74,-1.65,51.38,47.57,-75.87,-0.30,-6.84,25.98,-10.27
213.69,114.05,-405.81,-95.52,-338.04,45.93,-46.75,282.41,84.82,-101.70,-227.01,-13.83,8.18,-46.02,-119.07,194.61,-6.10,-101.50,108.85,115.56,-88.39,162.32,1.08,72.24,-25.36,84.82,6.50,-68.78,92.31,-9.30,-79.84,32.45,36.59,21.29,-43.35,-90.93,1.26,-82.63,15.56,20.54,-3.66,-52.90,-12.43,-12.83,26.67,123.07,-11.55,-59.42,16.75,77.80,23.39
-37.12,-138.64,-235.03,-278.76,-453.59,111.92,-230.33,255.81,94.11,-41.43,-229.56,130.12,-14.11,70.03,-119.25,113.29,64.68,-163.17,55.17,77.27,-25.52,78.11,71.15,249.30,-11.62,148.80,-27.49,-67.69,21.98,-90.26,-18.35,55.36,-60.53,35.92,30.61,-100.13,-29.05,-39.29,53.46,-17.15,-20.77,-79.57,78.78,-18.11,-52.88,27.19,-69.47,-24.70,-51.51,30.92,84.95
288.42,369.65,-185.49,-52.05,-206.41,121.65,-44.74,206.70,102.51,-113.11,-249.56,-73.19,-51.24,129.62,-83.42,112.83,-2.16,-48.60,48.01,152.64,-76.92,61.00,-12.95,107.61,30.28,3.89,-42.98,-85.37,9.57,-24.05,-22.31,58.19,37.54,-10.89,51.99,-106.78,61.38,-43.85,68.56,-56.28,72.68,-39.42,55.09,3.51,76.48,-49.42,-32.99,-21.99,8.64,64.96,-11.10
319.86,-65.12,-173.47,-177.38,-379.49,29.55,-156.48,360.39,47.39,-215.22,-103.16,112.29,130.55,-122.23,-58.62,47.55,57.24,-93.82,67.07,50.19,17.66,98.27,23.92,-8.95,-5.63,126.45,36.73,-24.83,84.98,-28.54,-69.73,13.53,-35.10,-16.20,11.40,5.14,-52.46,-33.15,-97.40,22.39,11.29,2.72,-30.63,55.30,-14.97,18.00,-40.08,-98.40,7.12,38.12,16.34
127.35,170.60,-53.21,-6.17,-235.06,58.98,-83.51,208.65,100.25,-188.36,-122.46,3.73,-84.87,117.32,-71.37,138.85,76.82,-154.43,66.26,67.76,-13.96,110.07,57.11,37.99,-16.11,177.26,-49.24,-79.99,74.32,-10.82,-94.86,1.40,-67.72,22.43,-54.35,-93.56,-24.24,29.73,28.39,49.65,68.87,-32.23,-41.88,52.37,85.50,-12.99,5.71,-30.97,14.20,70.31,-13.42
189.10,216.68,-405.32,-49.57,-342.80,118.74,-120.50,186.85,75.49,12.33,-232.25,120.88,24.28,-55.42,-142.54,188.79,41.60,-146.12,101.84,54.25,12.93,81.40,-17.26,22.52,-46.20,99.34,17.42,-41.77,23.30,53.89,-35.52,-7.51,50.07,17.70,34.24,-53.54,-15.29,8.82,31.58,20.11,12.17,-26.23,-17.57,5.25,5.90,10.00,-38.42,-27.84,17.38,81.26,51.99
404.68,116.31,-21.73,-273.90,-200.18,129.38,-159.21,161.68,85.74,-281.56,-215.90,-33.39,-43.20,239.30,-143.06,85.29,50.39,-150.02,-43.38,8.39,21.97,31.38,94.68,102.80,-18.84,86.75,-13.39,-85.51,24.03,-58.62,-67.10,62.45,-32.48,54.21,35.70,-74.80,-38.35,9.20,90.20,28.20,30.93,-20.04,10.53,-25.06,-38.35,-42.70,-40.16,59.48,7.24,14.38,-9.19
