1476.07,-703.47,753.78,-49.28,-592.81,117.12,-290.88,559.73,-74.97,215.02,-141.87,188.38,-344.50,251.40,-83.64,-320.51,-520.11,-355.76,1.05,-137.53,-63.67,-1.25,68.25,55.88,-35.96,39.94,181.88,-263.12,-168.28,-190.82,-0.66,-23.55,82.28,-60.57,9.91,117.12,-85.71,62.15,155.97,142.23,-12.46,-55.64,25.56,15.60,-68.26,99.37,92.87,35.81,-138.65,9.64,6.93
256.53,-682.06,225.62,-315.20,-266.75,132.40,-26.83,224.58,355.74,-56.10,-231.48,36.60,26.51,174.00,26.91,-74.39,221.80,-234.79,-150.61,-36.28,-18.28,4.85,-21.10,90.21,39.78,-91.99,24.51,-3.47,-137.34,65.83,-23.34,16.76,0.33,49.69,33.11,42.26,32.84,-6.11,59.64,176.74,41.29,-21.30,-31.03,179.30,96.26,74.39,84.02,-35.56,34.96,-88.52,-9.27
1121.88,-290.01,-68.57,-166.62,73.82,93.08,-227.61,458.28,143.74,99.72,-31.25,20.16,-10.15,284.19,-220.56,-453.04,-5.51,-198.40,-28.65,-248.58,-41.74,181.85,-52.03,72.63,-51.93,-41.40,-128.02,-17.47,-69.20,-93.77,-10.72,-55.80,104.35,-0.51,-21.95,-80.29,58.11,106.05,99.00,1.31,24.73,-151.14,-110.27,153.47,-0.45,60.88,32.35,-41.17,-163.44,-48.85,-1.26
1502.62,-608.88,202.99,-232.38,152.47,-101.54,204.54,812.57,207.14,157.27,-96.93,-79.08,132.37,-79.67,-45.64,-337.58,-20.30,-142.31,108.10,-152.94,57.23,284.76,-29.48,17.63,-21.93,-68.56,-97.61,-83.74,-92.17,73.26,-31.39,88.40,65.74,20.54,-58.81,-32.59,33.91,97.49,-12.57,49.12,-62.52,-53.00,-54.38,85.11,-1.55,97.56,37.40,21.51,-75.25,-36.03,75.86
1015.47,-1851.38,-233.84,-399.57,-290.70,67.54,483.77,886.07,608.28,-109.53,-334.80,-237.11,190.41,43.27,80.70,-61.92,-81.95,-222.88,-16.02,5.65,-187.56,250.43,-80.53,424.17,175.09,-149.54,-15.73,0.27,-292.92,178.61,67.53,32.81,82.03,73.87,-119.25,59.71,161.61,111.29,133.32,112.73,12.04,-158.10,-118.42,41.54,61.54,79.07,134.19,189.93,-133.57,-51.13,147.32
444.10,-1045.28,-63.46,-159.17,-32.82,-237.70,-265.64,597.90,154.05,-113.37,82.21,-109.79,-122.22,165.16,-112.86,-76.00,39.37,-179.53,59.64,-68.01,-181.23,74.99,61.56,320.19,20.43,-54.47,-124.57,72.95,-140.96,-57.83,-70.76,-52.06,-107.00,5.32,-31.66,-48.39,-23.75,74.61,136.38,36.45,90.61,-203.55,-37.58,53.86,27.07,60.99,60.65,53.39,-49.92,-185.73,38.05
237.05,-1587.30,532.96,88.38,-301.02,-35.51,480.70,604.92,518.53,-338.71,-215.20,-238.93,-43.45,96.95,248.75,67.16,29.91,-112.59,287.28,332.69,-168.25,157.56,-59.31,269.85,392.05,-144.59,16.09,30.77,-138.86,26.90,81.36,144.04,102.27,112.31,-33.50,131.84,-15.33,-1.42,-68.21,30.15,-79.36,19.28,-130.52,35.38,-75.99,45.07,-5.40,216.82,-65.23,-94.48,69.58
372.24,-802.84,322.82,-322.86,-280.12,-116.48,343.68,263.43,93.58,-53.01,-120.63,-68.23,-146.22,75.32,92.92,68.50,-283.58,-175.16,28.40,171.10,-25.99,43.07,-40.52,109.84,31.01,3.91,-38.74,66.42,-130.45,42.33,43.87,0.73,32.23,53.16,2.71,108.28,-46.02,-26.66,-2.76,2.15,-13.73,-27.00,46.85,17.71,90.71,22.15,35.23,68.77,-27.67,-52.35,22.39
274.98,-884.14,-355.68,-339.44,10.39,54.28,-254.62,653.00,202.79,-13.54,59.11,-266.34,-224.99,273.91,-3.72,-142.32,-171.11,-377.93,154.08,3.07,-117.00,177.01,-152.84,215.63,-276.70,-0.24,-237.89,33.83,-18.24,0.54,-25.41,-34.36,-56.36,-53.10,-37.38,-92.55,-42.27,56.94,13.27,23.94,35.36,-102.78,-16.09,114.87,82.24,-26.77,-5.05,27.18,-146.75,29.70,68.08
428.63,-868.38,-419.94,-238.25,-70.47,-101.16,-292.44,499.23,45.64,106.35,-2.13,-114.75,-11.86,46.34,120.80,-186.33,-268.60,-226.29,144.01,-15.57,-71.96,154.93,-61.83,62.54,-178.61,44.32,-81.26,-8.81,-112.40,12.03,-58.99,-82.49,-42.24,46.42,-12.33,15.84,-37.96,47.80,86.64,22.48,20.34,-64.11,32.59,86.68,35.46,-22.37,54.22,109.62,-39.56,42.40,52.58
574.18,-576.78,14.86,-157.12,-186.84,124.96,-617.85,514.32,-90.79,-124.23,200.21,69.95,-222.22,282.63,-50.55,-250.24,-407.75,-202.58,44.56,-255.80,-88.03,97.27,56.90,148.92,-285.38,44.81,29.50,-67.95,-158.05,-107.43,-24.73,-81.04,-64.45,32.52,-144.85,-97.53,-120.06,36.74,271.27,164.16,32.28,-44.61,44.72,29.75,53.07,124.64,-44.16,107.76,-18.94,21.44,26.31
270.03,-1601.76,-509.26,-319.32,-363.31,172.71,-431.55,694.23,-12.40,-164.58,-137.14,-23.45,40.93,234.85,140.65,70.55,115.19,-40.49,-143.60,-139.02,-258.05,95.89,126.72,399.17,52.83,-32.91,-60.63,-51.83,-283.94,-56.06,1.05,56.90,-27.66,-98.30,-156.96,-6.66,-4.63,76.17,310.47,-35.23,74.74,-212.82,-84.30,110.80,31.04,220.16,49.97,77.18,-81.88,-117.43,94.10
607.63,-1202.00,262.46,-54.97,-222.07,-134.43,5.26,741.74,456.36,-63.40,-117.55,-148.05,102.13,223.54,-281.11,-74.77,45.42,-244.42,20.68,-297.34,-244.05,251.53,-113.49,23.46,74.79,-101.60,10.10,50.44,-101.16,101.04,-10.04,-55.70,69.48,116.33,-104.71,-3.31,104.38,87.66,81.89,108.64,-38.20,-225.45,-84.76,117.17,84.61,11.62,76.30,-50.36,-38.72,-97.33,67.29
434.19,-1686.63,-254.61,-501.92,-382.59,-135.35,435.23,374.90,496.01,76.34,-247.54,-150.84,50.99,-45.55,-56.99,-143.63,-182.68,-187.46,-28.52,130.86,-177.41,121.41,-88.10,283.02,204.10,-23.23,36.15,-6.35,-331.41,34.88,-98.77,-13.59,18.02,83.45,-80.78,153.29,95.89,51.71,71.58,21.37,-68.64,-138.08,-102.70,31.64,86.26,118.24,101.48,118.45,5.19,-102.38,149.94
381.07,-1259.98,61.82,-173.29,-181.83,-338.70,-81.40,462.86,240.45,161.43,-15.78,-70.90,-295.95,189.56,-47.96,-177.91,-435.16,-372.64,204.04,36.77,-98.32,281.86,-65.34,162.48,-88.08,78.80,118.27,-29.38,-249.06,53.08,-15.28,-11.01,-75.04,121.31,-40.32,101.10,9.92,96.18,189.45,148.42,-6.92,-119.75,-7.67,25.38,188.54,93.27,63.69,154.25,-62.39,-76.26,73.27
-228.54,-1975.12,337.70,-486.94,-723.93,-230.86,634.12,489.18,390.97,-21.79,-299.25,-89.61,-98.37,18.52,163.21,29.63,-295.98,-283.12,77.76,200.67,-146.23,133.15,-109.86,253.43,249.04,31.65,59.66,-5.00,-268.57,56.42,-135.69,-84.72,-0.59,196.65,-77.49,229.72,79.36,50.32,92.53,87.46,-102.63,-138.12,-75.98,30.60,144.71,134.41,170.18,95.80,11.99,-136.52,103.75
1146.46,-728.54,215.44,-302.84,-49.58,-201.71,-375.18,195.42,-9.60,-190.44,-237.55,-13.50,20.02,89.64,15.72,24.28,-193.41,-23.80,4.09,-147.46,-144.00,23.17,164.90,238.68,43.22,27.51,188.10,39.83,-321.66,-153.89,27.62,-26.40,-51.27,-20.33,-33.77,-13.10,-140.15,91.03,203.31,76.69,34.05,-160.72,-84.13,-155.77,98.81,61.04,151.09,-29.64,-36.55,-133.72,96.42
1095.85,-837.45,-135.40,-371.19,-285.70,140.19,232.09,286.85,143.67,134.09,-205.74,-75.29,-76.05,-34.87,0.64,-52.63,-245.71,-174.73,79.91,25.39,-157.44,131.86,4.93,331.13,39.95,-54.19,17.81,-17.44,-197.14,-76.81,-11.55,16.24,77.43,35.55,-107.08,23.63,-2.86,96.85,30.21,-24.56,-18.03,-40.62,-106.23,-30.89,21.20,81.95,79.65,56.18,-65.35,-61.65,71.04
152.45,-1171.83,-203.84,-330.36,-207.04,252.60,605.96,864.69,482.61,-41.78,-164.46,-56.05,10.06,35.99,-19.24,291.18,235.16,21.07,18.02,69.37,-167.08,101.31,-40.52,274.54,87.32,-102.91,-26.27,37.79,-185.94,252.18,80.84,-43.25,-122.20,68.11,-185.81,-52.19,86.91,136.26,-34.56,37.35,-23.55,-120.65,-186.40,-7.51,133.94,65.40,91.65,101.45,-47.32,-99.22,153.11
1527.54,-572.74,423.97,-187.61,-58.38,101.87,340.47,762.02,271.88,142.70,-149.81,-155.54,58.25,61.75,180.86,-255.20,-134.52,-218.21,-11.50,0.29,45.00,180.64,-123.01,183.98,32.68,19.63,-104.04,-62.92,29.58,-93.66,-2.51,9.47,2.55,2.82,-29.74,86.28,45.83,135.68,6.19,61.53,-66.08,-19.68,-91.81,70.72,128.86,43.42,117.80,55.97,-162.68,17.47,122.64
348.53,-777.55,559.30,-222.39,-278.72,161.80,93.80,524.21,58.37,-104.95,-210.91,-76.17,-103.32,293.64,-21.56,-26.57,80.99,-325.93,84.87,-39.81,-206.07,-14.94,46.83,383.74,-31.32,-154.44,-73.37,3.39,-44.72,-115.10,-46.45,-17.68,-6.71,-16.77,-23.01,-0.65,-27.00,-34.05,-22.13,86.43,-34.08,23.04,3.50,180.50,-12.93,96.54,61.29,-44.47,-91.82,-15.14,-11.80
1341.82,-135.38,360.95,-159.10,384.79,-204.70,-62.09,334.71,167.76,-97.66,66.36,3.42,34.86,204.29,18.40,-254.19,-10.39,-265.38,191.65,-22.29,-130.78,90.12,6.90,173.17,-35.69,35.72,-146.82,85.81,-115.83,48.53,-45.39,-81.37,-80.86,-45.64,-61.07,-84.30,-48.46,-16.15,83.90,33.19,-18.71,-96.86,-57.96,55.47,81.40,32.72,-15.99,15.30,-14.04,-30.61,45.23
187.47,-968.84,38.26,-133.64,-1.84,-243.69,23.25,586.75,-75.52,53.94,26.24,-44.07,-66.40,40.25,-141.56,-172.20,-59.13,-199.78,215.40,157.55,-141.96,65.27,-51.82,392.75,-40.32,1.71,17.87,-12.80,-95.86,5.71,-123.65,-61.71,-119.37,92.08,-45.68,38.19,-43.14,4.91,60.93,72.14,-12.27,-197.94,75.28,46.27,56.29,87.81,104.86,178.64,-49.37,-187.07,48.26
672.77,-1531.30,819.95,-130.83,-653.33,-161.25,-213.72,613.46,-15.77,63.78,-81.63,-49.40,-271.82,234.68,-105.90,-115.45,-496.56,-404.01,87.73,-19.51,-32.15,85.02,-76.73,180.57,67.97,-37.31,148.88,-88.21,-333.43,-183.42,-108.45,-94.95,-40.38,95.04,-88.46,90.88,-99.99,124.08,132.94,145.90,-54.02,-178.38,-11.46,-6.15,52.93,64.49,142.26,139.58,-137.47,-124.71,9.47
654.14,-1223.76,782.70,-139.43,-491.17,-155.32,-224.50,624.32,-90.28,109.78,-194.88,120.39,-232.68,349.63,-84.53,-114.63,-433.87,-278.28,111.98,-49.76,-92.49,109.75,29.02,196.23,-21.81,-50.49,149.01,-98.23,-237.15,-250.03,-109.79,-75.70,9.63,89.79,-100.62,46.77,-124.31,110.47,124.07,148.48,-58.25,-127.43,-4.58,24.94,124.42,75.53,123.84,95.92,-135.61,-124.91,-19.40
55.62,-1170.26,-166.47,-557.74,-100.87,-85.91,414.98,824.58,303.21,-6.17,-57.32,69.93,107.82,-138.25,-157.29,331.53,312.52,-91.37,-64.49,24.77,-276.27,127.71,-40.10,180.11,198.49,-75.29,68.33,38.00,-187.18,260.11,57.67,72.15,-12.41,142.79,-130.36,-49.80,137.22,88.13,-59.54,114.30,-31.55,-89.84,-121.24,23.85,-6.70,180.24,109.99,177.88,1.71,-103.32,75.65
440.07,-848.87,-20.45,-284.20,-358.46,336.70,452.16,718.00,316.63,82.19,-111.04,-77.75,55.44,17.25,-120.14,233.68,93.55,18.62,42.97,-27.42,-235.93,13.02,-138.18,197.92,166.06,-86.92,-12.81,-128.80,-204.75,73.31,96.05,-32.04,-24.97,113.47,-112.00,-44.35,60.85,35.49,-26.10,8.95,-22.91,-104.50,-106.72,77.22,4.09,71.77,67.60,150.15,37.13,-74.11,123.12
447.45,-1093.48,-311.67,-341.38,-279.42,359.77,44.76,643.92,513.65,99.58,-71.54,-142.53,-75.93,185.32,-59.54,-30.75,-23.52,-147.11,-9.37,-117.46,-104.69,199.65,-76.15,113.99,-41.06,-62.45,-32.84,-120.42,-226.97,61.50,107.82,69.42,38.15,28.58,-91.38,-32.04,34.25,46.49,36.05,115.62,9.25,-59.34,-85.87,106.83,91.85,35.31,121.75,-54.21,-95.31,-31.99,146.96
515.37,-943.11,-59.03,-121.25,-114.98,-140.93,-164.95,824.65,124.40,121.39,58.95,47.02,-19.50,293.57,-66.38,-316.81,-188.40,-4.13,49.18,-226.31,-16.47,59.44,96.89,71.09,-55.02,34.94,-11.12,-34.81,-203.63,12.88,-105.47,20.55,29.21,3.21,-14.61,10.25,124.85,73.64,213.12,81.44,32.58,-81.44,-60.33,174.23,21.31,103.51,17.01,-46.08,-54.60,-80.38,114.88
1338.70,-774.57,268.81,-196.32,83.38,-123.25,214.97,860.96,316.25,34.93,-204.12,-113.80,182.46,-6.67,-7.87,-238.77,46.55,-136.93,-26.73,-143.41,12.04,290.71,-87.56,55.17,-40.81,-51.31,-57.35,-19.43,-76.37,132.01,-4.89,99.01,92.15,-4.20,5.64,-19.86,120.71,89.44,-11.19,68.27,-39.18,-65.87,-73.86,85.00,19.14,126.61,56.62,49.42,-45.78,-63.18,97.45
645.51,-787.56,542.98,43.47,-23.06,-161.40,-152.14,700.45,-49.99,-6.67,5.42,-69.08,-150.99,280.25,-155.58,-216.29,-172.42,-363.14,311.42,56.92,-143.02,152.50,-112.62,282.19,-110.57,31.83,-76.82,-50.29,-58.16,-40.97,-105.06,-98.48,-77.38,-20.38,-66.02,-26.25,-77.70,25.56,-1.15,92.46,-79.73,-138.31,10.47,129.09,72.73,83.47,12.34,77.93,-113.16,-75.26,47.99
554.79,-837.86,41.32,-133.34,-322.60,23.57,-19.19,423.52,173.63,125.23,-62.40,203.65,-330.06,260.12,-38.86,-154.15,-422.06,-130.82,-75.11,10.28,34.39,124.83,-43.08,190.58,-28.91,-19.59,162.72,-16.15,-219.74,-91.00,-2.86,-5.32,105.09,-74.71,-95.39,124.03,-61.29,91.97,65.54,103.02,20.19,-53.24,-53.66,-19.28,3.72,27.56,161.28,133.41,-30.94,-148.84,-11.97
614.93,-743.19,-464.25,-195.63,-51.66,-58.57,-328.34,345.12,-79.23,-44.63,-42.78,-33.34,-112.50,164.07,-80.41,-135.33,-317.68,-225.86,233.58,-56.11,-105.49,175.92,-57.29,97.67,-185.56,104.69,14.22,-65.57,-142.45,-137.78,-66.91,-52.80,-43.25,103.88,-35.07,-4.66,-38.19,52.26,106.90,31.25,21.37,-96.24,65.18,57.06,94.23,55.66,78.65,82.02,-119.86,-35.18,-0.36
602.79,-1064.22,-200.01,-262.20,-382.07,73.57,-319.63,670.13,-8.46,88.39,-29.33,9.16,-263.56,265.49,-36.84,-220.47,-472.65,-374.82,151.12,-120.26,-131.75,180.11,27.23,198.93,-99.22,50.35,98.33,-133.69,-238.18,-172.88,-37.97,-57.23,44.74,-1.49,-54.83,56.52,-56.39,78.32,187.12,65.45,-1.88,-95.28,-0.56,19.09,-13.46,72.70,104.09,133.29,-131.42,-83.47,6.27
46.39,-1078.73,268.34,-217.09,-72.07,-30.25,290.76,496.64,281.05,26.47,-211.23,63.34,-55.51,-92.55,-105.56,16.60,112.01,-170.69,131.34,76.43,-244.14,98.59,-53.37,294.45,130.97,-70.93,-43.10,36.87,3.27,28.03,-94.09,-44.47,-8.81,157.21,-73.76,37.43,36.48,81.93,1.08,59.29,-57.95,-217.77,-38.86,131.14,90.84,152.11,72.65,90.02,-28.61,-195.07,15.89
516.87,-876.86,360.26,-100.95,-350.75,-13.81,-272.37,462.22,-31.03,200.96,-55.45,82.16,-401.80,443.04,-98.91,-230.14,-446.95,-130.81,-18.56,-141.61,26.47,-19.24,104.33,69.98,-105.60,36.69,168.65,-152.20,-235.15,-169.49,-73.00,-16.31,26.25,-6.36,20.17,115.86,-19.68,74.79,157.25,75.97,6.64,-29.85,40.39,68.84,-19.31,41.33,65.15,9.62,-106.52,-48.85,-34.72
408.64,-1585.11,-688.33,-603.58,17.09,24.09,446.62,928.22,493.36,-85.63,-191.22,-91.10,109.13,-120.90,33.80,83.95,120.61,62.21,32.86,34.56,-114.73,226.52,64.66,218.43,197.35,-169.86,-140.35,16.90,-173.18,303.90,44.19,80.40,24.78,115.40,-139.19,-11.14,195.40,-7.60,-58.92,40.51,-54.12,-109.72,-91.71,-72.52,41.53,132.58,150.31,268.26,-11.10,-154.53,214.30
616.59,-966.82,-198.57,-525.45,65.16,-302.87,350.15,595.22,217.70,240.53,-45.03,-132.83,5.29,52.25,81.26,-153.34,-211.82,-166.97,114.44,75.84,-86.48,214.09,-92.89,290.32,4.79,38.96,-89.05,112.61,-213.89,82.95,37.76,93.50,38.85,58.90,-85.41,69.45,39.26,116.42,11.75,-15.38,-92.74,-143.06,-82.82,6.02,118.06,141.68,93.95,136.07,15.81,-139.07,131.01
90.38,-1583.97,-973.19,-786.44,-773.27,165.12,-502.49,-236.55,-158.51,119.51,-306.36,-64.57,-71.51,-231.69,13.27,-29.69,-422.75,-71.14,-88.24,-101.27,-94.94,122.14,63.56,183.78,68.97,129.93,273.81,-62.24,-542.70,-41.24,-73.80,-13.28,47.29,77.52,-34.75,128.65,79.49,44.83,228.34,-71.76,-24.19,-188.11,-145.25,-129.15,64.38,91.51,173.11,94.55,-2.20,-133.89,147.82
267.93,-1994.57,-70.30,-657.98,-733.82,-39.43,167.54,459.62,-137.10,153.11,-303.59,9.99,3.32,-133.77,-87.91,-212.14,-393.16,-374.78,-61.06,95.34,-116.89,2.66,1.34,477.93,272.37,-22.71,112.99,-38.18,-500.22,-111.15,-38.93,-21.99,-50.94,153.81,-45.25,161.33,38.79,182.08,169.55,49.32,-109.79,-244.68,-56.21,-106.55,42.09,69.24,213.97,273.98,-147.28,-246.72,75.47
666.82,-821.74,517.15,81.31,-47.21,-223.39,-182.08,722.50,-70.82,-59.57,11.50,-63.11,-132.23,299.99,-179.75,-232.26,-159.94,-357.84,292.86,74.23,-162.71,120.26,-103.27,298.44,-137.41,-9.07,-53.35,-0.33,-89.61,-63.32,-121.47,-99.25,-98.43,16.13,-3.15,-23.38,-55.70,0.31,15.84,125.38,-73.82,-187.67,-2.12,90.62,85.11,87.46,-6.43,86.51,-119.57,-55.59,24.18
739.35,-898.18,55.56,-51.21,-84.37,-135.86,-171.36,940.45,282.53,95.12,99.97,-25.97,-277.04,179.51,-195.49,-329.37,-121.25,-213.10,154.86,-242.04,-134.64,89.28,128.16,183.87,-141.70,-50.61,-56.90,-99.48,-213.13,34.84,-9.22,-42.86,54.17,66.09,-9.41,1.57,23.73,131.17,140.80,67.70,-46.01,-89.38,-155.67,59.95,12.79,79.36,114.78,-42.45,-63.21,-115.16,174.45
79.49,-1245.30,363.67,-292.19,-495.48,-23.75,630.24,637.79,249.89,-126.04,-192.09,-28.58,-42.52,-66.60,42.95,178.61,6.46,-115.74,137.00,209.77,-208.10,32.38,-191.11,79.18,153.04,-25.97,-20.89,-29.75,-164.19,108.75,29.36,41.39,-53.71,116.23,-68.45,16.86,-11.31,93.15,-16.22,42.02,-43.15,-66.01,-73.58,-6.60,54.93,71.80,90.47,124.41,13.62,-95.93,76.41
517.55,-882.87,-242.75,-178.38,98.24,-239.67,-32.86,665.89,179.60,191.01,52.47,63.21,-67.59,189.61,-102.61,-238.88,-24.78,-147.27,76.08,-10.37,-168.65,92.35,-49.16,349.08,110.24,67.21,-14.25,26.44,-199.33,-147.66,-177.09,-35.57,-0.84,47.81,-38.90,-56.82,10.01,166.11,15.86,53.16,-21.60,-293.08,-128.96,17.30,108.51,143.83,68.79,157.41,-184.66,-172.24,37.23
248.37,-1341.57,-173.61,-293.83,-146.61,75.79,386.68,939.84,444.27,-24.33,-128.65,-128.68,127.09,-167.72,-193.63,261.44,228.15,-76.53,35.51,3.06,-290.31,118.93,-153.47,155.12,174.99,-66.50,28.10,-30.97,-222.89,230.05,101.18,55.02,6.56,161.57,-70.34,16.13,81.66,101.91,-77.64,60.98,-62.15,-173.11,-70.84,35.95,105.77,174.59,116.42,165.40,16.53,-105.10,134.85
292.47,-955.64,365.71,-8.78,23.37,-74.70,-268.37,812.73,125.81,-139.62,228.87,-28.50,-369.70,478.20,-140.90,-245.83,-49.24,-404.98,275.33,-187.04,-211.92,20.76,77.66,234.18,-135.53,74.38,-131.92,57.54,-207.44,58.35,-75.78,-123.64,-101.41,-27.92,-129.35,-103.43,-62.30,6.93,156.72,144.23,20.95,-109.13,-106.52,63.77,95.63,95.93,110.32,21.74,-83.41,-60.37,158.21
1098.46,-366.64,124.56,0.21,272.53,-172.06,-208.80,768.24,100.82,-54.25,-128.42,-38.05,49.26,123.83,-37.46,42.94,-22.63,-89.10,244.97,24.78,-284.67,37.42,60.60,231.47,-85.10,-79.30,0.88,38.04,-98.81,21.57,-20.02,-4.45,-52.39,-56.94,-153.16,-17.48,-169.55,-17.73,74.64,118.13,-6.41,-38.56,-62.77,-107.45,63.99,94.43,115.77,13.26,-56.20,-36.75,-43.69
549.41,-1536.53,366.65,-366.26,-322.51,16.50,126.47,847.51,80.35,105.62,-285.59,-92.24,16.71,66.17,-24.35,-148.37,-335.00,-304.25,108.56,69.87,-82.87,116.76,-54.68,356.13,-46.35,44.48,19.09,-67.72,-197.44,4.01,29.70,30.08,-33.20,153.19,-3.91,67.99,3.96,101.33,137.81,84.36,-63.73,-213.28,-22.27,98.68,139.65,181.07,130.28,159.19,-97.63,-170.87,102.58
320.09,-1105.02,379.42,-81.43,120.82,-282.91,-51.71,1015.39,-33.43,-169.89,-2.69,56.01,-94.27,434.43,-100.03,-52.17,-115.44,-468.79,336.82,-26.04,-227.72,91.54,-102.01,235.67,-38.76,7.84,-137.23,16.31,60.60,6.73,-129.67,-192.86,-148.86,144.11,-24.55,40.08,-79.89,36.98,-23.33,97.32,-131.63,-244.18,-65.45,35.95,62.09,72.47,58.62,136.54,-57.89,-168.70,52.68
1234.64,-897.60,377.67,-74.57,329.80,-24.42,-16.92,987.09,270.23,-136.72,15.83,-69.41,23.53,29.48,16.30,-138.78,3.87,-300.15,-46.24,-179.27,-2.85,297.53,-103.45,28.87,-91.88,-29.84,-224.76,-5.21,-47.06,107.79,26.15,9.12,-66.38,8.29,-85.41,-59.91,134.15,5.34,14.22,40.95,-47.17,-4.38,-61.80,77.91,64.99,128.14,48.10,9.43,-62.52,-16.66,68.61
896.86,-862.01,53.17,-282.73,-78.67,-229.03,-65.18,182.48,289.84,51.74,-144.29,10.28,-273.98,239.08,25.42,-161.34,-319.41,-284.08,85.25,-1.92,-102.56,182.79,3.46,243.66,43.68,-13.44,142.43,-14.99,-204.94,-82.70,-24.49,-25.75,51.71,-28.57,-4.12,148.28,-68.79,80.73,76.72,105.54,-31.15,-87.54,-101.56,-106.33,57.82,44.22,164.14,82.39,-9.82,-108.51,1.88
552.04,-725.10,89.80,185.04,-21.73,-315.00,-244.17,439.33,27.03,38.78,122.38,-54.47,-31.99,155.89,-271.69,-46.93,-361.86,-156.99,119.74,90.42,-210.11,231.96,-150.04,53.48,-105.18,63.35,4.27,-27.24,-66.49,-52.19,-70.28,-133.72,-101.54,67.81,-83.22,30.18,-60.29,-8.32,-49.71,64.13,-66.29,-110.52,-61.29,52.77,143.86,24.66,25.40,82.64,-121.38,-23.99,11.31
903.21,-740.56,705.05,-120.86,-386.29,-46.81,-118.21,557.51,-222.95,192.54,-221.56,77.44,-327.66,448.57,6.54,-361.39,-594.40,-180.77,-12.03,-125.90,85.77,-73.09,157.58,-39.87,-91.60,87.06,39.72,-183.09,-189.60,-282.85,-43.57,-29.12,53.18,13.25,65.82,157.93,-87.57,34.77,128.37,3.85,-6.09,-46.67,63.09,67.34,-66.79,44.95,125.55,-65.89,-98.22,-35.33,-34.80
365.73,-823.25,44.39,-5.19,-19.76,-202.69,-307.86,604.89,-48.87,-70.88,70.74,74.10,-188.83,326.34,-100.84,-164.60,-252.28,-263.13,331.49,-101.19,-171.49,31.93,8.67,202.95,-161.42,67.66,-17.74,5.00,-201.09,-79.25,-105.26,-180.87,-117.26,84.27,-43.49,-21.37,-90.84,43.61,175.02,145.10,20.65,-160.30,24.03,90.67,90.23,80.49,21.51,132.82,-95.98,-85.03,7.99
1027.58,-1239.24,-693.54,-462.50,-106.47,13.76,369.04,482.62,509.67,172.50,-204.29,-151.46,59.93,-173.41,-38.35,-196.77,-304.87,-139.76,-20.04,-2.91,-122.02,219.55,-4.40,250.06,28.93,-100.81,-53.08,28.29,-284.22,120.98,-108.13,89.55,92.76,70.88,-57.45,74.03,109.17,77.59,76.35,-32.81,-62.90,-91.10,-100.20,-12.88,82.66,73.25,59.90,149.01,-43.16,-87.25,136.24
159.33,-1174.08,171.36,-227.78,128.54,-84.31,-192.07,953.17,295.00,71.58,140.84,-121.45,-335.97,172.94,-94.13,-46.32,135.65,-372.19,74.76,21.69,-327.44,139.15,-37.59,324.84,-7.61,-3.88,-201.14,96.57,-19.96,86.59,-76.95,-53.34,-61.35,-48.43,-119.44,-119.89,-55.65,88.27,21.59,184.47,-17.03,-244.38,-184.63,10.11,27.14,34.02,135.21,34.21,-69.70,-13.50,13.21
247.72,-1174.79,54.26,-72.65,-219.74,-74.29,418.45,483.38,102.39,-77.02,-85.14,-162.00,-64.61,-45.66,-38.49,170.03,-210.88,-264.35,174.42,237.74,-140.94,125.46,-196.05,202.08,145.11,-51.87,66.89,-73.46,-79.16,24.42,85.76,-71.29,13.47,88.11,-52.94,44.86,-23.01,0.65,-44.13,29.45,-92.07,-97.67,-40.09,16.63,87.79,88.83,70.40,79.25,-76.56,-53.38,143.32
372.80,-939.66,-102.23,-186.84,-308.85,-4.00,303.73,240.71,196.02,-127.93,-134.72,-47.35,-51.48,-124.59,-15.99,46.97,-174.26,-166.68,91.09,190.15,-95.52,5.93,-52.28,240.01,109.26,-45.81,40.11,32.75,-125.63,50.14,27.79,2.05,-37.00,42.80,-14.27,84.34,-52.47,43.82,-16.10,42.10,-75.89,-103.36,-24.05,-12.41,27.47,36.09,68.57,129.54,-25.01,-104.17,75.75
298.94,-1030.04,-294.75,49.07,-57.44,-193.02,268.51,410.76,304.85,27.84,73.66,-44.88,69.49,-28.96,-247.66,91.35,-281.81,-141.38,107.89,179.33,-117.21,273.60,-184.98,176.92,122.77,-18.45,25.60,-39.68,-88.32,104.52,43.07,-36.29,59.85,-7.08,-150.29,144.20,19.95,15.92,-22.10,14.18,-71.56,-104.81,-81.80,80.46,90.19,98.70,-14.29,93.62,-24.76,-67.95,111.02
279.32,-1093.16,-5.01,-245.45,-180.69,-160.61,303.29,478.45,57.24,-0.40,90.90,-112.58,-103.61,-167.52,-37.20,69.64,-143.90,-285.31,201.34,242.44,-3.24,93.92,-182.46,278.80,123.57,41.33,8.46,-61.74,-214.30,125.77,7.68,-1.75,-37.32,6.90,16.49,62.34,-104.92,91.22,-41.44,11.65,-94.78,-173.83,-26.62,6.01,55.78,12.42,104.13,165.74,-36.70,-96.32,73.76
245.38,-1028.92,-95.33,-57.34,-219.67,-55.46,290.37,374.76,209.86,-94.36,-24.20,-54.17,-130.05,-126.95,-56.09,106.75,-177.31,-267.03,221.31,195.68,-97.60,92.72,-182.40,203.88,45.63,-30.91,-4.94,14.77,-134.58,77.30,20.96,-56.78,-2.48,144.94,-60.78,85.99,-52.12,22.07,-31.63,-48.69,9.62,-102.68,-15.78,9.09,30.98,22.22,56.18,100.65,-16.49,-88.00,81.87
376.45,-971.36,-195.93,-200.59,-289.29,-17.20,217.39,242.13,168.45,-196.09,-55.74,-68.33,-66.94,-169.15,13.89,66.39,-87.36,-225.37,101.73,179.02,-93.53,10.04,-51.75,249.92,49.46,16.10,68.65,41.84,-184.71,39.83,-13.74,44.06,27.88,8.14,-37.18,62.85,-23.22,121.08,-4.21,-26.37,-18.30,-40.36,-5.99,-2.20,54.82,8.13,89.05,82.47,-56.66,-87.79,33.03
268.91,-908.71,-125.13,-210.70,-407.15,-15.20,223.44,284.05,104.91,-106.25,-264.25,-10.33,-36.57,-8.31,57.29,72.84,-249.39,-142.00,40.97,82.78,-20.28,125.73,-143.90,35.34,57.49,28.39,11.46,-46.08,-39.63,62.39,69.30,-45.85,34.73,67.54,-44.71,94.30,36.17,3.72,-36.41,-13.49,-74.84,-30.67,17.16,-22.65,105.14,83.28,62.01,-76.61,-31.76,-9.59,112.86
629.50,-830.76,263.96,-81.07,-286.49,-15.12,100.72,524.31,-15.12,-17.62,-62.51,17.51,-64.32,60.01,-64.07,60.88,-198.32,-331.16,173.79,168.41,-57.98,178.31,-182.09,159.82,-48.26,23.25,55.16,-108.60,-59.46,-26.52,52.38,-67.77,-0.03,35.14,-61.69,87.42,-78.69,91.59,20.67,69.99,23.01,-85.15,4.67,45.47,62.12,-0.28,74.60,22.06,-60.29,9.73,19.72
1084.15,-1040.30,-149.16,-129.00,-190.53,-21.19,342.14,289.87,311.60,173.34,-160.16,-73.72,-63.13,-201.37,-160.04,9.51,-297.72,-222.24,68.11,105.97,-111.87,268.93,-163.12,183.86,97.92,-20.94,96.89,-8.16,-153.09,38.95,31.75,-44.13,-6.65,123.03,-81.40,40.69,-19.75,44.54,20.67,107.90,-134.69,-138.80,-78.45,-69.59,28.00,3.03,125.58,68.94,-11.88,-104.67,116.94
280.98,-1128.49,60.96,-39.89,-354.38,38.30,340.12,503.45,258.06,-188.13,-319.54,-53.63,-32.67,-22.23,93.62,85.93,-209.99,-160.52,99.94,255.40,-127.83,77.05,-56.64,178.33,114.31,-120.19,94.20,-29.71,-79.29,78.21,128.88,71.21,67.30,60.68,-64.31,117.29,23.28,-49.80,-35.41,93.31,-131.79,0.32,-43.06,-10.11,159.14,100.84,-6.40,27.14,20.61,5.83,61.45
723.87,-856.21,266.95,-187.57,-459.95,125.06,198.41,385.92,-81.82,-12.74,-218.61,45.19,-95.22,24.30,2.63,-30.58,-329.16,-296.70,69.13,37.77,-55.80,140.71,-112.24,176.01,42.89,9.53,132.53,-68.46,-113.11,-80.22,-34.45,-4.86,19.29,11.27,12.42,125.02,-105.56,23.14,84.04,113.76,-101.78,-71.99,-2.33,14.11,86.77,113.97,88.37,72.27,-26.01,-50.90,80.02
398.95,-1247.52,-120.28,-70.51,-349.64,21.01,346.81,576.14,137.79,-136.93,-207.13,-139.76,-33.46,-41.67,-5.51,92.25,-188.91,-314.31,170.54,205.71,-154.56,88.08,-142.64,149.85,-35.68,-58.82,17.44,-91.37,-146.10,-0.77,-22.24,-61.50,-53.84,105.64,21.46,115.00,-60.30,-12.71,-42.65,68.31,-86.67,-27.95,8.33,-5.24,134.62,70.29,99.00,141.61,-36.68,-36.73,68.21
446.35,-1234.98,-789.91,-102.28,91.29,105.68,-129.10,569.33,337.74,-84.55,-127.08,-57.98,20.21,130.73,-63.83,-73.58,11.28,-172.94,-168.92,-78.18,-225.30,13.09,74.49,283.66,-63.66,-107.52,-65.52,35.41,-195.89,30.13,56.41,-5.79,-17.59,15.38,1.22,94.78,56.72,-9.84,76.15,33.11,81.17,-57.94,-74.42,-9.63,65.04,74.44,58.22,110.56,18.83,-88.56,65.31
858.93,-1120.17,-374.86,-61.62,189.24,-129.97,-156.56,165.67,298.51,134.95,-140.98,-29.05,12.46,88.05,-66.03,-282.37,-265.54,-239.62,5.59,-44.72,-153.27,353.06,-15.89,243.86,-79.86,-95.91,-51.66,-23.55,-166.68,-62.64,-59.43,-40.99,24.74,-31.61,-71.04,143.68,88.70,137.67,87.62,42.84,-115.59,-147.43,-78.25,35.90,103.04,67.07,64.20,-8.02,-81.39,-76.72,65.11
