1541.97,542.78,-405.44,-90.76,-1.85,281.30,-122.58,-199.68,-11.46,-49.16,-207.05,14.59,-39.54,21.85,44.45,-3.38,77.34,-139.98,-28.38,27.80,-43.00,-5.27,-44.65,-29.08,-65.36,-21.41,2.32,7.17,-5.54,-46.51,-17.96,-58.85,-2.79,57.27,33.73,-15.73,27.88,-1.00,18.20,-20.09,-26.91,-25.32,9.49,9.88,12.98,16.47,30.86,-14.79,11.48,10.24,23.38
1126.99,330.76,808.69,84.71,259.38,-209.51,121.21,560.30,-244.81,-186.41,176.76,-211.59,-4.79,-47.35,5.08,21.72,-103.56,-99.66,-178.02,-100.24,50.57,63.22,71.72,-40.81,105.76,-186.90,-15.84,-60.20,204.53,-57.53,-0.97,-112.28,231.28,-103.08,5.92,-105.94,-289.06,-212.70,-151.51,146.91,-60.83,-7.46,-3.51,74.83,207.88,-54.05,-11.94,-200.77,1.81,-188.72,-12.01
1551.73,704.67,-529.03,98.45,323.40,130.26,164.05,-157.55,-177.44,-315.54,4.45,202.79,-21.83,217.88,-47.67,-117.00,15.50,-118.85,74.50,37.92,13.61,55.26,-117.69,7.17,-32.49,14.70,-23.19,40.99,-69.61,-47.36,55.92,-18.79,45.22,-20.07,10.53,58.64,-21.44,-21.49,32.85,50.92,36.35,-19.68,20.27,-43.31,-48.02,32.00,0.33,-58.90,125.48,31.92,98.15
1587.59,177.65,250.27,95.80,-184.93,-169.13,48.95,-142.95,-2.70,159.76,115.95,-22.34,45.13,62.02,30.30,-17.17,-21.18,28.16,-170.79,-178.80,-58.41,6.00,27.76,23.78,-2.82,127.59,23.29,-82.61,-62.86,5.23,-4.82,-82.90,-84.25,85.16,84.12,27.67,-78.82,23.00,-4.99,18.00,-78.88,-4.18,-14.01,-12.49,61.84,133.88,-6.96,59.72,-31.28,-19.18,32.43
2003.50,35.66,-685.02,-149.97,-82.55,88.45,47.42,157.01,-224.38,-190.86,65.20,151.21,62.96,167.25,-132.44,1.96,113.27,-86.49,90.08,24.24,73.23,30.72,-127.71,48.61,-56.36,-140.86,84.19,-10.73,-107.41,-69.10,81.07,-10.66,-64.76,79.03,131.51,53.17,-5.00,24.59,57.04,-27.44,-55.32,61.07,157.15,19.99,-45.59,14.08,35.36,-31.91,82.77,18.35,27.36
1756.79,-333.50,-1098.27,-57.55,117.89,-371.08,196.94,-71.92,-381.99,37.53,107.42,13.69,127.71,-38.04,74.15,116.94,61.67,38.47,86.53,147.98,127.91,-47.41,45.12,-2.48,-27.21,-64.84,45.88,46.98,-105.32,-12.36,137.86,-60.47,-40.64,16.08,12.49,-23.91,-71.56,31.67,6.16,13.16,-49.62,-12.70,-3.55,2.89,29.41,-6.85,-48.04,49.77,29.51,-1.78,-59.28
1821.41,-496.40,602.80,-264.28,-392.62,274.35,388.76,177.68,-374.79,332.02,113.58,52.12,185.71,-17.94,183.15,215.53,25.12,-83.38,-211.14,-220.59,-213.92,-1.80,200.03,-124.08,-26.27,88.27,16.76,55.35,42.52,-63.81,-16.91,47.99,-90.92,0.92,-32.18,47.58,175.43,-40.48,-38.74,168.50,-14.98,65.07,21.69,-58.62,33.42,22.82,43.76,15.96,-7.42,53.49,59.20
1755.65,-481.22,-1109.10,-45.80,-85.26,-520.40,333.16,-61.52,-278.74,-147.31,69.62,5.31,38.58,-216.03,69.04,14.57,101.29,-3.55,20.28,61.84,-90.49,20.54,-184.92,105.22,-73.14,-165.41,80.21,-64.82,-71.46,-35.97,92.00,69.87,-97.86,58.11,-114.08,96.66,85.94,69.15,149.99,53.77,-14.60,98.44,27.26,154.86,7.81,2.52,-55.97,-127.68,40.10,-127.11,90.92
1776.24,-439.69,-1135.66,16.28,-88.91,-534.55,365.23,-39.11,-223.73,-119.72,107.83,-16.51,48.72,-202.50,37.38,3.96,149.40,-43.08,31.06,55.77,-103.88,38.56,-137.99,136.04,-81.14,-188.65,74.13,-70.46,-60.58,-25.98,61.74,83.32,-43.15,48.25,-21.85,41.17,89.44,50.61,101.71,39.39,-6.64,104.12,-32.57,90.64,-27.54,20.34,-54.78,-107.28,3.47,-106.28,85.61
1717.14,-600.05,-1077.30,-189.58,-74.62,-463.29,267.86,-39.06,-328.00,-71.84,62.48,85.60,75.00,-164.34,42.15,37.24,98.76,-8.53,69.40,140.59,-22.86,15.70,-151.88,24.07,-43.05,-148.68,160.97,-24.05,-108.93,-29.57,68.60,-8.50,-40.85,123.32,-52.21,110.91,-76.41,16.99,177.56,-29.69,-24.97,18.77,-15.13,76.79,-16.15,-30.32,-80.62,-113.54,88.65,-68.74,4.96
1949.02,-114.51,49.67,-379.40,376.50,-37.66,-99.85,46.26,94.00,-281.90,199.87,-0.81,-116.80,152.76,113.75,47.00,37.78,-182.61,-241.22,-30.93,-27.70,44.89,61.49,-101.49,11.60,-94.45,36.40,-9.82,6.66,47.54,-68.72,156.06,139.46,-32.71,47.61,44.70,-32.80,83.65,-118.81,-146.24,45.38,36.59,87.19,10.31,-58.69,67.74,39.41,82.37,63.06,45.00,-51.74
2296.78,684.93,197.81,-30.08,61.94,100.80,-5.85,110.27,92.19,-79.34,-65.00,-144.08,-44.55,11.60,68.42,-16.70,66.75,-33.34,18.93,-98.77,55.52,14.25,9.88,-3.17,5.40,12.80,37.64,40.66,-2.27,-37.13,-21.47,15.14,55.62,15.57,6.69,-31.67,-6.27,-40.88,27.78,3.54,-20.46,4.58,-17.03,26.88,36.20,-2.21,29.65,7.35,-26.38,28.18,-30.62
2314.45,656.28,181.96,-14.03,71.96,90.36,1.67,120.54,92.86,-74.97,-73.95,-137.38,-50.66,27.48,81.46,-27.43,73.73,-51.07,20.10,-87.50,53.38,23.56,0.40,4.66,-16.25,37.18,42.79,34.88,8.17,-27.49,-23.11,21.47,56.23,15.20,30.66,-19.63,-4.18,-39.36,58.35,4.20,-22.69,-1.79,-3.25,18.66,33.51,-2.38,24.77,-0.80,-10.90,32.25,-33.61
2365.68,777.41,382.65,-126.09,-145.92,89.13,5.62,50.36,38.27,-87.14,-60.86,-123.88,-8.45,10.80,95.96,61.71,23.60,-130.34,-44.52,-26.92,13.00,-52.14,-8.23,19.31,-41.03,4.31,30.20,48.55,51.59,-47.38,-56.30,-22.28,13.95,20.34,-29.62,-42.56,-17.07,-47.05,6.84,-42.00,19.97,19.80,-14.87,34.56,14.16,46.46,35.67,3.12,-16.43,22.10,-16.13
2108.48,-374.66,187.65,-423.61,349.01,18.39,84.17,360.43,-50.28,-62.70,-224.83,37.31,141.70,-213.29,11.93,293.03,-185.34,182.38,-46.89,-118.66,-12.09,75.94,-18.52,-34.19,-199.23,-20.43,-213.21,84.11,0.48,141.22,53.29,45.43,-224.13,-50.32,-40.71,132.31,-150.93,24.84,-127.26,-55.25,-69.78,98.36,79.99,-71.78,27.49,135.83,52.48,47.98,155.05,13.42,-8.89
1927.97,-195.23,-567.69,246.68,-314.30,-306.47,298.40,-163.53,-129.21,79.90,70.33,-216.62,-39.56,33.94,60.66,-43.86,108.44,53.62,169.29,-261.23,163.95,-25.21,110.10,246.81,-67.95,-66.36,36.98,-74.55,20.60,69.49,-107.80,-173.05,-71.62,-21.44,73.02,33.40,31.92,162.64,4.70,-1.59,-92.84,86.32,25.52,-51.04,31.70,-2.14,-61.92,155.21,87.81,99.55,-138.10
1966.48,-23.51,365.95,-268.84,341.25,-23.50,-227.55,35.80,11.97,-326.15,66.53,-179.54,-67.34,139.14,-82.07,30.41,215.78,65.45,-33.59,204.47,-21.48,-80.40,-30.74,13.35,138.09,-77.30,-59.03,8.95,15.13,54.34,-42.74,-101.13,-93.16,-2.66,-46.51,95.49,64.28,-57.94,-8.96,-42.25,-23.68,-23.00,15.33,-19.48,14.75,-63.24,69.87,22.19,25.11,59.37,32.67
2139.36,120.09,130.44,-513.41,-158.78,42.27,-91.32,-30.17,47.51,0.15,-60.77,61.41,-29.16,56.40,68.64,-72.62,-22.39,105.80,-172.81,43.90,-50.27,-14.27,49.65,65.86,93.45,-33.64,-5.91,-118.20,33.49,-9.70,-22.53,36.05,39.96,27.44,-22.09,43.91,-65.77,-2.82,-13.14,55.93,4.08,28.74,-5.95,51.34,-2.29,-43.78,41.01,7.93,-10.29,-16.71,-90.10
2268.18,588.38,-165.26,13.67,180.24,11.97,-11.37,128.33,-67.66,158.18,106.13,29.22,25.57,-1.18,-32.10,28.87,25.30,14.74,-51.88,45.71,-62.71,14.57,35.87,5.27,-38.43,-1.18,-59.78,29.38,-11.78,1.15,11.58,-29.53,-30.16,26.11,22.99,25.04,-8.33,-11.31,-34.00,17.50,-0.69,60.60,2.53,19.64,-0.99,14.39,3.60,-19.76,-20.78,-27.57,14.03
2019.93,236.99,-181.31,-356.86,-109.46,15.68,4.34,-0.43,6.03,55.94,-47.74,92.11,3.36,73.17,21.18,-75.13,44.16,76.31,-50.09,27.36,-75.61,-31.59,74.98,-30.82,28.82,16.70,-87.12,-13.69,98.80,14.21,-52.13,12.27,-8.54,-1.80,-32.89,8.04,-34.95,-49.63,-50.79,18.82,-14.20,65.39,3.60,59.40,9.95,-43.92,6.03,-31.53,-23.11,-47.34,-64.73
2463.46,-58.41,196.70,-262.80,259.39,-44.44,60.12,139.24,-155.14,-33.06,264.56,-103.72,15.93,-111.89,102.54,49.76,82.97,-286.55,28.30,15.36,-1.78,-41.42,-5.57,72.72,59.49,-1.66,40.94,21.05,72.60,-54.54,12.10,-87.63,-14.05,-10.65,60.07,-13.51,-25.61,90.07,43.51,-18.05,23.33,0.97,26.11,-11.92,-18.07,30.27,43.24,-25.32,31.68,24.99,-30.79
2193.84,-107.59,285.35,-46.36,-514.27,-230.53,398.20,-37.17,-138.68,296.87,17.88,-162.10,-67.96,-143.38,155.68,64.89,25.85,70.47,-23.22,24.27,41.90,63.53,-20.17,-62.68,35.83,10.56,22.25,0.29,-3.88,-8.59,75.38,-151.11,-28.17,-46.54,51.27,-19.72,128.60,-52.67,-86.89,44.01,-70.02,-66.57,-25.20,-26.58,80.68,15.12,-35.73,-29.69,-46.92,84.74,-14.52
1703.93,357.24,-574.59,139.62,-258.88,-265.94,-138.04,-239.15,219.48,224.99,-50.30,-113.90,84.41,-282.96,-50.00,-72.75,95.18,-26.87,-139.40,39.97,74.29,5.26,-65.37,-7.90,-103.59,46.41,57.65,11.80,86.22,-55.99,-2.93,73.93,102.89,125.80,-93.31,34.24,43.81,54.28,94.05,-39.66,56.71,36.48,-36.74,75.56,-81.41,-68.77,-17.57,-55.68,16.25,15.93,82.21
1554.83,380.52,-867.35,57.39,139.79,-81.92,-141.04,-223.25,289.87,25.46,-201.77,27.06,-284.96,-78.09,-80.84,-380.90,-82.59,51.26,153.20,-6.31,63.29,19.15,-121.08,-98.50,-199.38,40.20,-98.61,207.82,-89.78,53.45,-327.05,124.78,-18.06,-56.10,4.79,-168.02,141.88,132.59,173.70,72.36,-33.60,-16.58,108.64,-221.47,151.64,34.36,85.18,-4.10,-102.89,-135.50,-171.03
1348.86,-537.58,270.44,95.13,643.61,94.97,22.93,227.72,-57.14,46.13,-37.54,172.90,-30.70,-97.71,-104.23,-0.02,-42.76,-39.41,107.02,-54.87,-31.65,112.75,-26.97,-109.73,103.65,32.80,-37.97,20.54,136.83,-113.30,133.67,-73.13,-43.30,96.60,31.90,-41.29,78.37,9.10,57.29,26.33,-110.51,-47.56,-36.33,-7.67,-3.43,-8.06,115.20,107.07,50.42,-93.07,-37.38
1267.93,12.10,14.81,-552.67,-304.43,-316.96,-125.80,76.57,-1.06,156.14,-138.99,37.14,-86.31,81.16,-35.07,10.14,54.97,56.85,-7.57,-66.20,-19.72,-105.24,75.04,-10.17,105.50,22.70,35.70,-32.90,49.80,91.86,-107.19,77.80,20.95,96.93,-69.49,-28.06,69.36,-38.26,-34.57,13.83,-19.74,29.04,-71.90,51.75,-5.91,1.20,28.47,-21.34,-47.23,-75.82,-63.93
1927.19,-348.45,39.44,556.74,-17.01,18.70,-62.65,286.98,157.27,108.99,14.55,92.04,23.27,46.04,-169.16,-13.67,81.72,-84.50,92.52,-83.10,-69.47,-203.08,24.82,40.61,-74.10,-103.12,-33.20,0.03,-86.83,22.36,66.64,-95.17,60.84,-67.55,56.12,-2.09,33.24,21.76,21.60,-23.57,8.65,-55.03,75.63,12.32,1.02,-60.11,35.52,-91.36,5.85,17.60,-45.73
2485.71,-265.06,482.96,-35.15,-343.73,-53.40,-141.23,289.70,75.98,-9.22,-145.68,151.32,43.59,-16.85,-8.27,55.45,47.58,10.05,-100.79,1.22,-1.43,-105.06,17.00,-23.18,4.05,44.53,96.65,76.38,-2.76,-40.07,55.67,-56.85,-3.46,-84.24,-88.07,5.62,-48.12,49.07,47.26,-12.55,-54.31,-7.69,83.63,-4.26,-57.39,13.49,18.49,55.25,18.09,-59.43,-5.49
2163.08,-277.58,-471.05,161.58,103.23,-70.30,-125.27,201.49,41.49,-17.84,59.84,63.54,-86.64,4.53,36.32,84.55,-88.86,22.71,-93.58,2.91,-125.99,-24.03,-92.54,90.64,92.63,20.71,37.86,66.49,39.58,-78.09,13.67,-21.07,-25.62,-55.52,-76.84,-30.32,53.53,67.18,-42.76,-28.54,13.13,3.26,19.95,-107.19,-2.12,-23.16,-32.55,-8.92,12.63,112.09,29.12
2052.06,-369.31,-172.51,528.54,115.33,-114.30,-180.64,167.60,72.82,-128.54,22.92,-116.69,-76.99,46.79,-111.47,45.64,63.11,134.35,-36.35,47.30,-88.46,-95.83,18.73,81.90,-35.30,-15.29,-69.34,80.00,-76.14,3.64,16.93,-57.97,-56.22,-110.60,-108.98,46.55,-20.42,-3.88,-15.59,-3.10,-102.78,-27.11,-101.79,-3.41,-80.63,36.15,-18.29,-32.53,-7.21,75.11,-28.12
2227.37,27.08,211.12,-242.73,-270.15,-247.13,9.90,176.50,32.22,145.20,-1.90,-174.30,109.10,-70.20,-137.63,134.12,-25.80,-25.64,34.54,26.37,190.96,-123.91,71.74,-14.79,94.87,66.11,154.44,194.82,31.23,5.72,-67.48,-9.31,137.06,34.99,-11.10,-49.63,-144.65,59.67,73.71,-4.55,-39.93,19.36,78.04,58.85,-13.62,-64.05,27.45,114.35,50.26,-28.69,44.70
1935.94,-210.21,459.19,103.85,-63.97,-169.79,306.68,522.14,39.76,362.84,-330.90,-198.19,22.00,-143.44,-84.04,-167.47,21.76,58.02,90.74,77.86,25.46,68.74,-9.61,-82.99,38.52,-24.36,39.79,125.01,-104.29,-4.51,76.44,37.68,68.61,-78.27,-34.90,-88.90,-84.24,13.10,-24.65,42.77,-18.64,-29.54,-191.50,105.96,-0.86,-113.70,-126.43,-18.60,-48.45,40.45,-90.66
2969.38,205.72,163.63,-68.83,137.39,-68.27,69.75,266.12,44.64,141.42,-18.03,-2.22,52.25,-154.60,100.58,69.28,-50.32,-167.69,0.18,-96.07,26.72,-107.93,-7.50,3.83,-49.07,37.38,27.79,65.66,34.69,-25.41,10.20,-14.23,-2.45,0.10,-27.94,-35.40,-68.27,19.33,52.43,-35.55,31.49,-55.69,-11.50,-36.58,-21.30,-59.57,-14.81,-16.60,-44.36,-51.06,-6.45
1273.16,-532.62,280.89,-494.15,-132.00,174.22,-314.68,235.37,61.25,250.66,115.31,80.84,120.96,-55.01,-214.81,-60.14,81.02,-66.87,68.68,-62.97,-57.21,77.57,49.93,-95.59,-40.68,-46.42,-73.24,195.05,94.14,-8.03,-41.95,22.37,27.83,17.07,-97.07,192.47,-88.22,-36.55,16.56,-79.29,-57.96,5.58,132.26,-27.08,-71.07,79.11,-132.30,83.41,-113.51,-0.97,19.12
1702.83,-719.62,-808.87,-215.29,152.64,-199.17,38.04,-62.70,-157.60,81.91,3.39,-81.69,5.46,-82.65,-150.98,47.14,-104.41,82.97,-19.08,-94.81,113.38,-150.46,-189.23,-228.87,-43.21,-76.60,-231.84,75.16,62.04,-124.06,131.87,259.66,-20.87,-83.59,104.65,118.72,-85.37,126.51,-11.48,-40.41,131.04,-200.83,-69.99,67.17,-30.05,-82.14,17.98,-5.69,-61.31,134.96,-117.28
1491.61,128.95,-469.49,252.37,426.64,-317.96,83.38,-153.11,-39.68,186.77,57.20,-103.28,-23.73,128.51,-173.72,49.27,-83.03,-47.81,69.65,77.27,58.18,-154.70,101.05,9.64,41.12,57.57,-86.07,188.77,11.79,-117.10,-96.28,24.62,58.65,52.01,-56.39,-1.03,-4.46,73.36,3.19,43.53,-11.40,-24.81,-6.64,-46.20,-0.65,-28.58,-44.78,-93.71,-24.67,41.65,2.06
2597.72,660.37,-31.39,109.56,-66.17,-5.23,-7.35,26.91,76.37,7.23,42.18,-34.19,-79.75,85.70,-0.04,9.23,-13.08,-20.40,-47.93,-112.71,36.64,-32.57,-49.94,0.92,-53.90,-39.50,29.52,27.61,-111.41,32.16,7.41,-51.34,-7.47,-33.57,33.64,19.93,7.92,-47.64,-73.70,-52.21,-23.86,98.24,-31.95,-20.14,-56.30,-22.75,125.98,58.81,-91.66,-32.12,40.76
2156.01,48.51,532.95,77.81,236.14,-49.14,54.46,164.98,96.66,-93.25,-17.26,-67.41,88.35,-4.48,38.65,52.55,90.93,33.25,-13.77,27.38,-65.59,-44.21,17.46,11.71,-94.84,22.05,53.08,13.14,-10.15,34.67,-40.65,-31.90,-22.39,2.89,-51.73,46.32,6.26,41.76,7.01,-37.45,23.91,40.26,-25.13,22.34,-17.31,-94.94,24.34,-1.70,-39.76,83.40,9.91
