-579.07,486.14,829.67,339.21,334.92,-10.43,83.78,-348.71,35.13,423.03,341.26,40.48,187.20,150.45,2.23,83.32,-15.47,23.31,-76.84,264.63,-243.54,358.46,115.99,-62.14,-271.51,-42.52,15.32,-203.86,-302.07,-34.60,-237.69,133.96,4.57,96.64,255.94,75.23,-44.60,24.64,-1.21,109.96,-79.65,32.90,31.54,59.83,136.86,82.27,132.24,-29.40,61.12,-9.62,-39.59
517.10,365.50,971.14,564.05,-45.86,-365.31,163.17,32.58,170.31,-74.67,-324.39,178.54,46.36,195.63,1.77,13.08,-77.07,27.37,-20.78,-53.90,92.29,7.66,11.09,45.85,18.23,-25.46,64.23,127.81,6.15,19.61,72.54,-23.90,95.31,30.70,45.06,139.38,-121.88,-21.63,-9.78,7.73,83.35,88.22,74.54,23.13,130.25,-56.30,57.05,70.16,-44.66,18.94,-81.86
560.89,865.40,526.88,366.03,-140.92,390.99,320.92,115.70,-125.39,-238.67,-403.41,121.29,-40.01,177.76,-36.82,-20.75,28.32,-103.84,4.42,-23.95,-83.27,75.06,-99.68,-95.33,9.11,-4.55,89.82,57.93,-84.17,11.31,-4.27,35.10,40.34,3.15,41.55,47.92,-12.56,-97.17,70.05,-6.99,2.06,-15.33,-15.35,36.09,22.24,12.27,-4.09,2.33,3.32,-92.88,163.53
-219.27,586.23,-378.86,129.86,526.93,-323.10,-80.15,-64.74,-90.89,-168.84,113.79,286.48,132.59,58.56,-14.01,122.06,-92.01,-119.89,-212.43,179.81,7.89,181.98,26.93,-182.64,-60.90,43.85,-112.94,-50.31,39.17,-41.00,78.70,98.06,14.22,-48.71,-23.76,81.33,-133.85,-139.10,-17.84,59.16,1.72,7.05,6.48,12.60,-7.49,75.03,-51.63,76.79,-39.64,-210.19,-87.22
537.05,1102.31,479.29,168.34,22.14,-78.99,194.36,24.27,282.40,-148.12,-317.55,353.86,-63.57,210.04,165.47,-195.62,-24.41,-21.78,-131.18,27.61,37.71,241.44,72.68,86.32,59.01,-96.69,-79.36,72.75,34.14,83.07,94.87,-53.87,75.40,64.63,126.68,271.70,-186.59,-20.38,107.75,47.43,-25.22,53.35,4.40,-103.81,157.64,-28.20,220.37,86.40,-106.47,20.05,-32.67
276.18,876.23,-207.74,205.94,158.07,-8.44,-220.70,-43.82,120.72,328.50,134.98,-97.44,3.25,0.86,143.94,120.32,-20.87,95.10,-47.85,90.28,23.86,297.44,-131.76,18.78,120.92,-60.29,70.73,-122.69,115.76,-82.54,-82.56,136.49,3.85,1.19,60.89,68.98,67.56,47.28,-0.21,20.77,-41.45,27.43,-104.40,-69.85,120.15,24.89,-61.86,11.96,54.19,-67.14,23.62
182.13,830.82,415.28,21.19,-96.75,221.81,-87.09,-194.24,241.15,-58.22,188.42,-88.79,-41.14,-325.71,-102.23,-219.29,20.78,131.97,394.08,212.81,299.54,-268.59,-67.53,160.26,56.27,63.41,-55.63,-177.85,250.54,86.77,-74.28,25.17,-9.59,-47.61,36.81,57.90,54.12,9.06,-50.21,55.23,-9.09,34.36,-91.88,-30.89,62.27,43.10,31.86,-33.77,66.35,-93.64,58.25
15.30,491.23,32.65,257.17,-26.25,-139.77,193.55,-159.56,-169.00,-4.80,-9.49,128.63,38.39,-52.91,188.97,163.52,-14.91,-19.92,-33.37,93.09,281.12,123.96,2.79,-16.83,-4.74,-25.29,57.60,-17.63,-94.65,-21.64,77.74,-99.02,50.88,-35.86,-29.67,2.60,2.07,-26.71,-31.69,-30.41,-23.08,-121.80,-5.70,26.71,-29.89,64.73,-41.35,44.99,-89.64,59.86,-121.33
-366.74,317.34,21.28,354.27,203.07,90.51,81.52,-55.57,32.08,150.53,231.81,36.01,-116.63,-6.06,312.89,238.94,-1.92,-162.19,67.11,114.15,-35.23,97.28,95.31,-62.79,-105.30,-141.10,-21.43,-14.85,-67.28,83.88,-25.58,123.90,-56.47,99.84,-25.81,-64.71,11.30,-42.25,-82.22,8.12,8.53,-25.27,-103.47,-76.39,-80.58,-97.83,-44.51,-53.85,88.62,-97.64,-110.23
-184.65,373.82,-109.57,525.66,-78.86,51.43,402.17,-397.36,-277.81,-24.01,-227.51,33.48,-26.00,25.09,62.43,150.76,-145.44,-12.31,34.98,75.97,74.98,13.48,13.91,-40.07,-69.87,-35.33,-33.96,-51.51,25.36,-51.67,115.40,-75.60,-50.27,72.29,-58.15,2.39,82.70,85.85,-14.71,121.11,24.28,-59.44,4.51,-73.44,55.18,-74.75,81.08,34.14,-50.10,-36.05,-88.55
-144.60,391.56,374.90,151.65,-176.25,271.19,-67.03,-122.70,-9.84,87.26,336.64,148.75,-34.88,131.61,168.47,112.60,33.15,-107.83,35.35,58.22,-53.22,59.75,107.59,-46.26,-176.20,-128.16,32.03,105.28,-17.72,21.25,-115.15,73.93,34.44,-18.17,-69.69,-120.70,-106.14,-50.80,-37.30,-92.36,-45.47,41.67,4.53,-27.44,-73.76,47.42,-81.54,-11.66,96.42,31.53,-5.11
626.64,889.08,1327.24,133.36,-649.27,537.64,43.15,-331.98,30.25,320.25,76.05,-347.12,195.38,-125.42,-166.86,105.66,-39.29,237.90,-56.38,-27.02,89.43,189.63,-25.63,93.87,205.12,28.10,107.48,-22.77,-34.86,23.67,-24.87,-3.88,-0.04,77.84,-105.52,117.20,2.72,32.39,-41.55,113.92,19.85,-3.22,-133.12,54.95,-9.02,9.56,59.07,-0.75,-59.23,-38.50,4.06
-132.52,886.88,281.56,146.60,-418.33,535.15,81.84,-141.97,-136.40,-50.58,-265.19,-81.91,83.56,-13.18,0.98,-8.53,-43.07,57.37,20.53,81.55,-53.41,-117.02,38.00,133.76,3.66,-278.82,177.61,-34.45,-64.34,-29.20,-137.97,86.05,-34.82,-54.49,-9.69,147.09,18.15,-44.99,-50.87,36.68,107.12,-80.83,-77.15,14.38,21.03,65.71,-53.43,0.30,28.75,-15.99,65.22
23.32,632.31,1847.57,187.31,-628.57,344.07,132.69,-365.01,217.41,350.77,108.26,159.86,-14.45,14.85,-78.80,144.89,-226.06,-111.18,37.35,85.92,16.21,-11.97,-50.98,-72.57,-20.72,-12.56,-260.22,70.83,-47.47,57.01,-53.55,62.10,-26.22,150.43,68.37,-114.23,-16.09,167.49,173.97,-120.32,34.86,57.56,-37.57,0.82,-42.48,-19.03,71.24,-161.92,79.16,-121.63,38.46
-60.41,396.65,280.83,320.91,152.56,132.31,203.60,-142.40,-128.73,-248.82,24.40,-22.65,-114.48,156.67,238.10,-25.73,136.27,-48.21,-4.89,78.54,171.30,-8.62,24.96,-50.49,38.69,-77.35,-16.52,36.42,-21.35,1.95,95.51,-55.18,18.46,19.45,32.69,54.45,-3.79,38.26,-57.23,-92.40,68.29,-133.72,-93.74,71.23,-78.36,-15.50,12.06,66.81,-57.69,21.52,-58.32
-847.05,483.14,214.39,-279.56,-1.62,-19.61,-116.93,153.42,-238.32,-81.67,94.52,-81.58,75.13,46.18,34.01,-239.62,-202.18,-4.14,-47.77,110.31,-21.45,36.62,-17.88,8.16,-112.65,17.67,51.08,-35.14,-26.92,53.79,62.48,-4.09,84.66,-51.84,-7.56,42.14,33.29,16.87,-39.86,-27.75,-22.70,-14.77,-21.90,38.77,-3.66,-14.99,22.78,46.81,57.11,4.03,-70.69
-405.09,334.58,53.53,-376.54,-73.00,114.01,-119.26,203.09,-263.29,-46.42,39.44,-54.71,-51.13,74.06,22.84,-175.46,-190.31,6.80,13.60,43.60,-35.88,41.94,-6.83,31.23,-72.28,77.89,-16.04,24.48,-16.61,38.76,24.18,21.50,70.06,2.66,-2.75,26.65,76.27,-8.56,-1.45,-18.94,-31.17,11.55,-60.49,78.83,-12.07,-4.21,5.30,33.04,14.87,28.27,-55.74
-564.90,430.09,-118.46,-27.83,79.46,108.93,-40.15,93.38,-436.70,91.02,79.85,-72.40,-151.36,-34.01,52.33,-76.62,-151.53,24.12,79.33,-52.64,36.40,-19.70,23.69,47.72,-77.32,6.40,-27.37,-11.89,-56.06,48.63,-36.57,7.62,74.09,-49.35,110.95,83.88,49.74,97.04,54.71,8.65,-41.75,63.91,-51.64,44.51,0.19,-29.83,-81.66,42.38,-72.23,26.94,20.78
-828.89,738.85,18.15,43.73,41.06,-288.12,-271.82,-160.58,-253.37,368.95,-91.44,106.59,-161.58,109.77,-144.68,56.06,182.66,-105.72,28.45,-7.02,-2.54,-3.80,108.16,57.23,-39.97,13.51,59.38,-70.76,77.49,72.18,48.30,59.21,-42.05,-54.64,-116.69,-35.14,-44.22,2.84,3.85,14.67,43.30,30.78,35.15,63.28,-13.24,77.41,102.27,-32.22,34.62,-82.39,63.76
-336.72,933.60,191.39,1.28,-39.06,-160.71,-321.25,-130.09,-237.46,257.67,-101.23,8.86,-245.95,218.09,-161.73,52.00,157.03,-66.30,-1.87,-143.03,53.40,-53.14,63.09,41.15,-25.35,-1.98,35.73,-79.74,39.09,32.80,5.42,-58.08,21.69,-78.40,44.98,-40.69,-55.43,17.15,-18.87,81.55,29.63,-86.55,-8.21,72.01,-0.65,14.52,20.76,2.91,40.42,-36.21,70.19
-729.79,410.19,63.33,-117.18,-119.44,-248.87,-187.09,-143.71,-304.46,330.01,-132.78,127.06,-104.12,102.49,-128.20,112.27,91.52,-15.23,72.11,-111.96,83.04,-6.65,-6.13,-67.01,-12.87,-15.46,25.45,-68.93,87.50,39.26,-11.50,20.45,-23.01,-84.23,14.35,9.37,-26.03,-34.32,-2.32,-15.81,37.69,45.27,-39.09,62.89,47.54,38.68,40.33,-21.41,8.57,-36.60,47.92
-300.10,736.35,100.31,-194.55,200.32,-189.95,-287.07,-163.07,-202.03,112.15,-62.41,-68.90,-250.30,62.72,0.20,104.79,121.19,4.13,-102.74,-23.49,70.17,-19.06,8.27,42.97,-42.79,-20.67,8.01,24.11,3.97,23.99,54.49,21.76,-16.19,-33.49,-70.49,17.10,-32.38,-11.84,-40.23,23.78,-30.63,-19.42,3.35,10.32,-13.78,31.53,81.46,19.20,-0.84,-28.51,11.11
-888.22,600.72,63.57,2.85,206.35,-157.69,-327.33,-216.04,-304.51,249.80,-126.58,106.24,-246.71,163.06,-74.25,96.73,62.71,13.62,6.91,-209.89,71.33,-33.00,-49.77,-19.59,-34.63,-45.89,39.62,-45.09,65.70,-12.40,-11.99,-82.14,14.06,-53.57,51.41,25.86,-62.30,54.86,-3.09,46.77,24.33,-32.38,-68.47,61.44,-3.94,9.26,-26.57,-0.74,20.58,-0.58,48.31
-137.22,495.95,199.40,-326.29,-38.34,-427.95,-30.66,-123.09,-63.84,65.38,-190.28,-155.88,-27.74,171.56,-131.21,28.02,-18.83,96.86,-14.80,-142.39,62.06,-50.02,-25.23,-25.36,-191.53,-9.90,-135.33,-34.58,53.40,26.07,33.77,124.23,-3.49,7.41,115.21,-27.00,46.72,-41.35,-34.78,29.54,-42.42,36.51,44.61,109.03,28.96,16.49,15.40,-51.88,3.67,83.04,-45.87
-309.51,222.95,116.39,-390.24,335.19,-191.04,-274.52,-115.85,-57.91,222.24,-160.24,-52.57,-212.25,-142.33,26.67,92.31,154.17,-87.45,-23.83,102.82,-101.00,25.30,24.56,-10.08,-7.19,-30.61,12.28,-49.03,-84.66,-50.60,15.90,-124.54,-25.97,-76.71,-73.97,-54.11,10.11,40.52,-51.96,38.41,-3.83,27.06,33.94,-31.28,17.51,-3.58,79.29,5.70,-7.66,85.28,2.49
-167.51,922.57,65.35,11.94,102.26,-364.08,-194.24,-74.24,-224.97,163.64,-109.60,-6.28,-101.05,118.89,-99.91,95.33,97.18,28.20,-27.09,-97.91,56.14,-53.08,77.96,88.87,-35.63,-24.98,11.96,-53.84,105.33,118.56,36.13,49.22,-14.87,-14.62,-127.87,-35.86,-29.81,35.19,17.76,89.28,9.04,62.14,36.27,88.52,-7.40,92.22,77.67,-54.10,-16.10,-32.19,9.02
-391.53,252.38,160.58,-126.86,-147.13,-378.68,-186.83,-286.10,-201.46,370.02,-117.61,71.70,-156.70,296.95,-103.63,2.07,146.84,81.77,127.53,-164.21,87.93,-27.60,-51.71,53.84,-129.80,21.34,7.84,56.67,14.92,127.18,6.94,102.67,-49.44,-30.82,-40.71,82.82,96.04,-59.77,49.22,-33.66,-67.83,90.34,40.17,-2.61,-84.74,14.00,-52.25,-10.14,37.00,18.06,55.36
-515.14,338.04,115.02,-4.95,-104.85,-142.62,223.84,-13.74,-76.63,-174.44,46.79,-71.68,-80.50,-63.68,-45.51,-36.97,77.22,-53.16,-23.57,0.98,58.26,124.47,-55.11,-197.14,-100.17,127.76,151.99,-85.34,40.50,14.28,112.65,125.71,-128.67,-138.72,39.38,89.46,-15.39,-108.87,-27.42,-14.18,-14.82,-125.63,-146.29,-143.00,59.04,-58.80,-93.83,70.26,-141.27,-41.99,76.00
122.34,726.54,-38.97,-78.15,253.08,-34.56,99.96,227.33,243.68,127.05,155.90,66.21,-4.03,196.50,-36.89,-73.16,-82.47,22.49,-70.69,-149.16,152.35,-59.62,-172.88,109.14,-17.75,122.45,-111.18,12.14,-109.19,-101.47,-19.60,-74.70,-105.45,50.57,-0.79,128.83,-25.63,22.71,-59.09,32.39,112.09,-40.49,120.42,54.47,67.60,-27.64,-104.31,49.25,-8.42,-32.57,97.51
-293.19,379.66,-174.42,-310.92,241.38,27.31,474.74,108.70,365.26,99.29,65.79,-45.07,-141.42,85.79,23.92,-9.86,-134.89,-15.55,-82.58,-183.68,117.99,146.95,-47.53,-68.78,0.87,3.01,21.38,-61.50,88.94,-134.01,23.33,-67.86,-63.36,-110.09,-125.42,10.91,126.95,128.44,-87.16,20.05,-10.87,-4.72,161.74,77.89,17.37,70.05,20.79,25.25,-16.22,-60.91,-31.85
-63.98,380.62,294.75,158.41,17.45,-555.87,-303.43,175.47,177.80,122.90,273.96,89.30,277.26,74.86,12.89,-116.38,-187.22,-45.00,14.79,59.46,5.42,37.99,48.59,-7.20,-0.38,-103.04,168.35,76.93,34.73,55.38,53.17,-53.38,-34.80,129.57,3.30,-32.74,9.41,-30.28,-35.19,106.68,63.63,-74.79,-17.10,-23.01,63.50,142.89,22.09,-44.57,28.98,27.73,-52.49
12.16,636.57,85.41,191.06,-156.07,-450.05,-245.56,80.96,135.16,38.20,65.67,72.12,223.21,-12.37,-99.63,-99.42,-116.42,-148.57,104.67,-108.47,-36.08,-143.90,-58.10,-70.71,55.62,-122.75,111.67,-115.18,5.55,73.84,37.05,-131.08,16.20,-2.76,-84.53,-78.35,-20.76,53.43,-42.29,10.70,58.00,-15.16,-11.11,-103.30,-77.95,-32.09,16.56,34.77,-10.27,35.24,-30.72
-106.04,425.73,332.83,303.08,-315.90,-89.01,-80.57,11.28,80.32,-52.92,-88.43,-50.33,-61.04,-52.30,102.63,-29.98,-57.40,-127.96,76.14,-20.82,-35.81,49.63,84.56,-187.85,-52.02,-4.95,34.65,-106.11,69.06,20.12,12.42,-67.37,-38.91,-13.23,20.99,62.66,-32.14,5.99,79.46,47.03,-52.01,-24.24,-19.33,-125.88,15.06,14.51,-48.03,138.90,-72.59,-63.23,84.19
-198.81,861.77,200.99,126.79,126.55,-263.50,-204.51,157.57,141.89,97.95,241.67,51.19,270.67,78.22,21.39,-195.72,-140.18,4.26,54.72,-28.26,-32.54,40.63,-13.79,-11.97,26.52,-122.47,17.04,1.91,-17.81,83.37,102.67,-50.12,-138.42,10.75,-17.81,-131.10,-19.65,5.57,-15.65,0.08,76.80,-120.23,-24.68,1.95,44.40,167.25,-16.33,-4.59,-63.86,67.16,-38.12
-70.79,663.59,-326.32,172.75,62.84,21.83,-195.05,81.00,15.20,33.57,178.83,-71.05,54.98,-63.77,-12.49,-14.38,-183.49,68.85,-109.78,14.82,39.77,-151.88,5.16,4.81,44.40,56.55,85.69,-49.79,-46.95,-18.70,-22.18,-12.68,-108.37,30.98,-19.22,59.18,112.23,21.11,1.19,45.09,-55.02,-113.32,-41.30,-30.71,11.36,64.97,-68.94,7.14,33.20,8.60,35.65
-224.79,695.38,178.36,162.62,-75.82,-412.30,-242.18,119.34,120.01,35.41,203.91,103.81,243.77,8.46,-28.81,-157.41,-111.51,-124.31,166.65,-34.92,-38.34,-91.52,-21.01,-110.32,7.99,-180.85,57.27,-63.07,31.46,71.58,53.10,-37.43,-22.02,8.54,-25.00,-96.83,-16.39,-8.28,-60.64,-37.37,28.75,-41.16,-12.90,-17.96,-44.51,61.23,-6.29,-12.44,-47.34,67.74,30.81
-54.46,500.52,396.66,150.37,-226.58,-456.25,-160.33,72.44,179.82,74.79,176.95,91.21,164.00,20.26,113.32,-254.73,-127.97,-71.01,-43.97,-3.35,-87.29,22.25,62.14,-124.88,-72.19,-83.96,-32.75,-31.53,88.31,-2.81,39.51,44.25,-54.69,95.79,8.66,-33.71,33.92,-33.79,25.86,74.11,-32.26,-36.05,-63.18,-26.13,-12.87,78.91,27.70,-49.53,11.17,49.74,31.55
-153.15,890.78,-80.91,101.76,24.82,-48.29,-115.01,-100.20,31.92,14.22,-116.29,-88.57,39.14,81.74,-64.78,-14.73,-93.03,-100.86,2.65,-20.51,-36.82,-106.25,-60.75,-90.29,127.18,60.40,27.36,-168.45,-78.80,-63.59,51.55,-87.24,-53.41,-190.39,-31.89,83.75,-21.22,81.40,53.78,-59.22,-56.47,-26.39,87.06,-84.01,-23.88,53.52,-3.14,21.60,34.28,0.85,-23.50
-1.92,811.49,-19.79,92.55,-54.07,23.68,-118.34,-40.70,33.26,-26.95,-85.60,-36.69,34.05,109.31,-124.54,-93.56,-90.88,-214.39,43.49,-32.53,10.99,-129.01,0.73,-97.79,109.46,-8.29,31.59,-181.61,-57.66,-3.96,40.09,-58.58,-51.51,-140.48,-22.24,78.07,-18.22,9.14,50.98,-83.59,-37.35,-52.06,77.72,-69.91,-21.71,19.05,-9.50,7.72,45.64,-25.44,-21.29
12.47,733.19,216.15,266.96,105.01,-260.71,-226.69,139.49,66.09,175.09,193.75,122.21,238.02,20.80,44.04,-186.75,-168.42,23.28,40.34,-6.62,16.94,-15.36,10.75,-31.15,49.54,-147.33,99.60,58.34,-41.54,63.31,97.42,-52.02,-113.41,11.64,11.83,-44.22,52.11,-35.29,14.67,55.59,86.40,-88.33,28.07,-15.99,4.83,134.90,-34.60,12.93,-73.15,68.17,-66.51
71.31,868.12,154.89,184.91,166.03,-333.97,-230.25,125.41,141.97,168.25,263.99,55.89,288.15,50.33,65.04,-174.35,-187.74,35.59,32.75,26.86,48.25,7.16,-1.46,-13.47,31.99,-139.81,57.14,69.34,-19.36,89.24,111.39,-33.25,-110.57,60.97,23.14,-47.89,3.68,-37.87,26.87,74.73,70.95,-120.98,-3.62,-12.55,21.95,127.98,-22.29,-12.22,-47.31,56.66,-36.19
-49.35,547.87,-29.22,251.74,-138.53,-174.85,-50.09,35.02,-23.27,-13.17,22.44,25.01,82.23,17.37,-198.78,4.87,-133.13,-185.61,123.95,47.84,-4.88,-144.14,-10.19,-90.01,97.51,-75.41,152.10,-190.42,-84.38,41.96,6.35,-57.81,25.04,-93.99,-66.20,39.98,45.09,6.75,39.46,-119.10,-41.43,-50.63,70.39,-93.99,-43.31,-18.40,-36.60,36.20,16.65,-8.89,43.25
-266.90,439.42,299.80,192.25,-195.06,-565.66,-177.64,41.04,130.48,17.55,230.85,132.89,157.50,-21.16,39.59,-158.30,-146.97,-96.62,70.55,14.88,-130.96,-22.80,26.00,-138.17,-44.66,-111.38,108.91,-85.15,58.87,57.49,-15.19,-36.73,35.63,75.66,-23.74,-61.44,-48.89,-39.79,-17.81,82.09,-18.66,8.18,-66.68,-6.48,-109.28,104.96,27.31,27.70,-8.63,62.21,29.11
-356.30,706.46,336.83,224.57,-104.07,-155.57,-124.92,11.24,-43.55,-5.68,-10.46,94.35,-19.45,75.06,-43.06,-73.50,-201.28,-166.10,160.73,-5.38,-143.40,-103.54,1.53,-107.13,-13.66,-39.84,-51.04,-144.54,-43.23,-68.30,35.13,-30.75,-27.55,-114.03,-36.34,53.33,-3.84,-3.49,63.91,-74.02,2.84,-40.97,-2.93,-95.58,-53.10,-32.29,-77.67,28.76,43.66,-3.96,12.00
-572.98,537.63,-433.96,208.85,74.45,144.47,-84.31,-100.98,0.80,-21.78,-175.38,-283.28,6.62,105.44,-37.31,75.40,-124.76,-2.84,-7.62,-19.33,-44.12,-141.49,83.97,-130.59,92.21,61.77,43.00,-135.92,-76.51,-25.55,-33.00,-128.64,-80.82,-39.70,-32.84,88.71,-21.73,63.05,-31.17,69.36,-40.13,-22.18,-10.62,-76.53,-46.25,43.49,-1.36,-32.18,28.14,88.21,95.51
-99.19,466.10,-10.38,204.68,-258.13,-525.37,-132.12,15.60,76.07,2.06,80.56,187.63,165.53,10.94,-183.27,-29.12,-151.45,-179.95,181.31,3.49,-2.09,-152.47,64.79,-80.16,-37.34,-77.56,161.80,-232.20,12.06,-1.88,-55.98,21.94,-7.89,15.72,-182.14,7.17,132.83,-38.93,-22.05,-114.06,-67.98,5.63,-21.39,-82.39,-39.77,-63.45,-59.01,26.95,28.42,-28.26,-16.22
-501.49,1042.67,-34.85,24.86,-40.96,-54.98,87.74,29.29,-103.75,-306.49,58.78,55.31,-5.25,-166.71,-55.86,45.28,121.60,221.63,-3.39,-50.42,-42.70,-117.79,-24.85,47.72,85.32,130.98,7.07,25.40,-116.77,25.38,-82.53,-17.46,-45.55,1.98,1.32,-58.75,40.55,22.85,-17.13,-1.15,-52.57,25.96,-64.67,-10.60,-55.63,-38.59,18.61,-54.81,1.15,-61.27,-13.02
-785.98,1173.91,207.77,44.76,-26.86,-112.92,21.35,22.50,-61.84,-176.59,23.82,144.31,28.05,-203.41,-58.99,89.16,120.43,148.17,-44.26,-84.93,-77.52,-43.67,5.86,4.39,-3.47,113.33,-102.33,53.94,-84.92,-14.75,-37.68,-6.24,-27.40,38.61,68.69,-72.03,17.55,16.26,-2.44,-30.19,-50.50,8.67,3.40,-32.27,-27.22,-32.42,-65.19,1.02,14.50,-74.12,-30.48
-707.03,1051.07,251.29,55.44,-35.85,-133.14,4.00,43.05,-194.93,-343.63,112.35,188.83,-95.34,-209.61,-12.82,23.37,122.06,135.04,39.51,-137.44,-97.22,125.04,-15.25,-102.90,131.84,27.56,-7.93,155.40,-39.20,-70.41,-60.18,-82.14,-9.76,7.02,8.57,30.75,56.92,14.78,-80.60,-14.59,-74.20,36.87,-11.01,-23.48,-52.37,-47.53,-63.30,-126.57,-56.52,-73.82,72.74
-340.18,1101.71,-62.90,-48.93,82.37,-86.66,49.23,226.11,4.03,-224.26,233.09,83.08,58.88,-192.02,-31.08,7.75,47.18,223.64,-65.90,60.10,44.66,-44.05,-52.67,64.38,-4.85,81.74,75.14,118.51,-49.75,-9.96,-51.86,-90.98,-12.67,79.06,55.57,-28.53,-31.45,-7.00,89.02,-99.13,-36.95,-58.96,-29.73,63.70,38.18,-50.02,-24.34,-50.19,-71.37,26.94,-47.81
-427.03,1268.74,385.59,-20.58,-203.02,-139.60,-40.56,52.62,-38.39,-89.78,29.77,-7.20,62.23,-244.49,-31.89,-80.93,95.51,219.94,-61.77,-85.27,-183.32,-138.57,93.58,16.73,104.02,-35.25,-121.65,11.82,-4.35,35.85,74.18,-12.73,7.91,34.05,90.02,-70.93,25.53,-25.95,36.94,39.01,18.14,-54.95,106.78,-8.35,15.97,7.13,77.18,67.07,115.05,61.55,29.05
-237.40,1161.08,306.52,-68.66,-22.46,-246.70,-0.14,157.66,-58.69,-221.25,121.54,112.84,70.21,-168.56,6.63,-109.43,57.36,66.81,-20.80,-34.44,-113.22,68.58,111.53,-143.04,-71.71,-67.54,-29.39,35.04,85.35,43.38,78.43,-1.78,17.34,47.82,25.17,-2.01,-17.37,-0.69,10.39,43.99,-17.79,-0.84,12.51,-44.24,-47.12,-91.90,-68.76,52.92,65.84,-11.78,-13.31
-646.58,992.93,397.27,86.32,-7.46,-172.58,98.54,-9.23,-191.37,-266.61,62.70,213.25,-94.80,-59.23,2.79,85.84,108.60,116.44,69.63,-119.76,-48.74,170.18,-28.89,-128.52,196.60,51.03,-72.11,71.67,-2.74,-62.78,-62.11,-37.67,-44.01,17.25,0.94,65.89,-6.20,91.44,-46.78,-25.28,-77.54,23.15,23.82,-41.56,-105.70,7.06,-103.24,-76.91,-139.23,-12.72,-23.47
-892.97,1082.85,99.51,85.50,26.86,-195.88,8.41,27.61,-152.64,-285.73,39.81,177.93,2.62,-180.16,-11.18,55.59,124.64,102.61,0.86,-92.13,-65.73,65.03,-32.62,-48.76,103.65,117.79,-57.78,74.50,-35.31,-69.23,-56.83,26.00,-84.26,29.94,13.70,-24.30,-38.99,23.48,-25.88,-9.18,-36.99,26.52,-5.26,-62.01,-112.77,-75.00,-82.75,-78.55,-49.78,-36.49,-71.10
-82.22,1295.22,-7.62,-45.41,-33.70,-174.61,-73.05,116.63,76.92,-198.53,-73.15,4.27,65.85,-173.17,-25.34,-86.81,45.43,173.86,-79.86,-60.87,-126.82,-100.47,82.30,-1.68,64.09,-3.83,-172.32,-10.58,38.00,-4.09,40.51,17.03,55.70,13.39,18.35,-70.84,75.65,64.61,-19.59,42.22,59.54,-40.87,68.66,27.16,-70.20,25.41,54.43,116.79,120.25,2.85,18.35
-789.58,1119.83,220.36,56.65,-23.72,-151.06,-2.52,-9.11,-125.76,-226.61,72.32,184.97,75.92,-175.21,-37.57,47.04,62.64,182.76,-28.90,-78.45,-100.34,56.48,6.68,-50.37,52.86,80.77,-90.20,70.25,-43.89,-51.70,-13.04,-11.03,-93.94,48.97,16.21,-60.74,2.16,45.94,4.92,23.62,-59.49,-0.52,-17.42,-43.26,-49.84,-100.66,-53.81,-30.27,-17.54,-57.61,-18.71
-503.02,1058.07,365.09,76.15,5.46,-233.39,-70.85,-2.40,-149.92,-96.46,133.75,259.11,81.32,-118.51,52.84,-19.81,61.88,173.33,-23.05,-113.19,-42.44,56.55,7.81,-61.01,-1.40,24.16,-24.39,115.21,32.54,-66.18,-46.37,9.46,-57.35,11.71,97.91,12.70,-65.16,6.90,-74.71,-8.80,-63.87,80.98,-36.18,-14.85,-92.60,-26.52,-60.81,-100.49,-15.20,70.31,-85.67
-354.46,1184.60,213.30,-19.53,-11.25,-195.76,36.27,167.77,54.13,-182.08,63.75,66.70,51.47,-271.76,-13.55,6.62,85.05,119.70,-23.64,-88.13,-159.23,-10.46,94.09,-5.99,-36.85,-8.60,-83.47,90.62,70.05,5.00,2.04,19.06,32.78,62.65,109.00,-157.51,86.15,-7.37,3.70,10.73,74.77,-34.49,90.66,-52.83,42.90,-89.11,5.37,35.53,46.44,32.18,36.86
-355.02,1302.61,-41.01,-87.70,-49.89,-124.82,-40.27,175.56,126.26,-268.58,-114.24,8.21,-11.58,-177.01,-4.77,-35.41,81.82,153.22,-69.05,-79.71,-196.18,-48.76,72.64,-4.46,93.16,-51.68,-80.39,25.93,-16.99,40.11,-59.31,-13.52,135.25,44.68,50.57,-75.70,62.67,90.92,22.90,19.19,120.25,-38.43,137.41,9.06,6.02,4.89,24.17,47.04,67.64,32.66,40.19
-570.09,1149.40,-208.36,-37.73,80.85,-109.18,-0.96,95.49,142.05,-221.97,146.51,134.92,31.97,-169.12,-77.35,38.55,111.38,254.91,-131.23,12.15,53.72,-105.98,-63.70,108.19,26.49,114.04,22.97,25.56,-49.51,13.80,-59.98,-31.50,0.93,121.67,-21.64,-118.71,1.71,44.22,-62.73,-73.04,-9.78,-9.43,-30.71,73.53,66.70,-52.93,4.52,-16.05,-7.26,-91.01,33.28
-923.31,917.37,365.24,164.90,-25.64,-144.45,83.71,65.64,-200.76,-353.21,-9.45,237.36,-77.66,-114.96,93.96,-16.04,118.88,42.38,9.12,-112.73,-139.76,167.18,-69.27,-174.66,136.21,16.62,8.82,88.15,-11.38,-113.22,-130.32,-90.37,56.58,-139.60,139.78,4.43,-75.17,34.74,-61.26,48.26,-84.71,104.94,17.01,54.44,-44.00,20.00,-62.09,-103.37,-85.67,37.66,78.96
-203.15,1116.71,-435.86,-68.23,126.04,47.75,10.11,143.25,118.45,-227.40,-3.33,-152.64,69.56,-51.42,-120.30,-1.09,-54.02,257.66,-32.93,22.30,27.77,5.21,-53.31,7.19,76.15,10.95,6.21,58.15,-74.16,27.02,59.96,-45.15,41.83,177.42,-118.96,-60.47,67.23,145.67,-140.82,-100.43,6.70,48.66,40.45,44.51,-7.56,114.10,67.77,-58.21,71.36,-33.42,-24.82
-735.72,989.75,440.86,145.00,-51.74,-69.06,101.05,-18.16,-187.41,-214.15,81.12,189.62,-92.64,-14.21,5.11,80.33,75.23,44.60,55.28,-84.11,4.58,187.69,-22.03,-104.66,178.00,27.93,-33.39,93.84,-49.63,-92.21,-70.58,-11.29,-52.11,-22.17,-8.20,67.42,11.63,16.18,-18.80,-98.49,-106.49,67.94,15.00,-26.49,-41.81,28.52,-63.43,-55.91,-118.65,16.65,5.72
27.64,1216.85,80.00,-19.09,-52.13,-176.13,-49.80,159.82,28.64,-246.99,0.72,-17.22,15.20,-196.41,15.27,-54.08,33.84,116.87,-35.87,-81.44,-161.15,-45.14,114.03,-14.70,66.98,1.08,-150.41,-4.58,50.40,-19.92,-2.61,-49.48,46.84,23.45,87.73,-116.15,52.93,25.05,-5.94,81.45,76.71,-66.04,75.63,-11.36,-69.10,-16.77,-3.90,79.69,83.20,-3.57,24.80
-577.59,1139.27,4.35,-0.41,-10.45,-77.02,19.35,77.03,15.76,-195.01,-19.97,28.40,28.26,-248.55,-130.47,25.19,134.22,219.63,-82.26,5.71,-110.32,-95.94,14.77,47.45,69.76,-33.62,-55.16,11.21,-30.83,57.56,-12.37,-50.72,13.99,103.40,-5.00,-12.77,41.32,9.44,14.39,-9.51,-4.96,-27.78,-27.34,-26.95,1.87,-9.00,-14.41,105.38,51.83,-68.97,48.28
-447.62,126.50,172.93,199.74,-245.49,-190.45,-18.72,148.61,-31.87,-120.80,-5.78,89.49,64.57,135.65,-26.01,-13.68,-2.17,83.14,89.40,59.15,-19.76,23.78,29.99,85.45,-9.51,106.72,11.40,-3.29,-79.02,-78.21,-20.88,49.19,-17.72,-57.45,-84.99,-20.53,-7.92,-92.40,-80.07,-6.48,-47.89,77.81,45.72,103.35,-1.17,-14.72,25.89,6.82,109.84,83.09,-9.03
80.50,645.70,103.35,355.55,-24.39,-80.67,88.74,217.59,-90.21,-145.85,-63.77,-84.82,17.16,-0.69,-12.80,157.02,-17.33,-122.77,53.18,93.79,-25.18,83.87,28.50,11.86,-17.13,84.65,-52.31,-122.68,-10.02,15.64,-3.93,-28.91,-21.21,21.00,-12.20,-82.71,20.37,35.16,-54.69,27.69,47.81,-7.54,-35.75,54.33,90.39,-43.94,-28.50,-7.29,-22.79,59.03,36.45
-68.68,613.62,-165.21,412.40,-162.54,-100.23,204.55,186.06,-67.98,-154.50,-221.28,-140.25,-0.34,-0.64,-62.59,276.32,-79.72,-59.37,103.16,42.16,37.87,71.37,-6.05,64.97,-89.70,111.47,-15.54,-138.02,13.32,-5.41,-67.39,61.76,30.34,32.34,-17.76,-63.78,24.53,17.40,-13.78,19.65,9.34,-11.57,-67.49,14.61,32.41,-37.67,-28.06,0.97,-5.65,55.39,-45.24
-613.63,427.29,178.73,157.66,41.86,61.02,41.24,134.98,-96.18,34.73,-99.15,-90.06,323.24,46.48,140.28,12.34,18.98,-194.28,-70.37,-67.32,47.18,-125.76,-96.01,100.09,-122.88,22.99,-46.76,-30.59,-8.64,-15.67,40.84,-58.27,35.29,-31.44,14.06,-29.84,-101.12,-30.59,50.02,4.22,2.21,34.93,26.75,-73.32,35.79,-41.20,-27.92,18.49,45.68,-48.91,43.78
-953.23,633.73,161.10,400.28,199.84,-55.79,-5.39,86.70,-129.01,145.15,-73.36,-11.67,323.80,-31.37,124.00,7.25,47.65,-236.77,-60.91,-21.77,133.32,-133.32,-133.85,176.79,-73.99,-13.86,-41.47,-55.22,-85.16,-24.74,62.80,-58.86,98.18,-51.66,12.61,-41.26,-30.57,-29.32,57.47,-111.02,-41.49,6.96,7.69,-45.56,5.24,-18.02,-42.60,9.44,-21.52,-26.90,13.85
