-793.38,-710.84,75.73,220.71,-611.46,219.31,283.75,-291.65,44.92,-45.00,30.82,260.20,-342.09,68.38,-197.20,-155.82,-147.74,74.06,30.48,44.78,135.42,160.87,103.72,206.29,176.66,-139.63,-157.41,-54.08,-132.47,114.86,199.95,-39.09,150.42,232.48,-185.74,-33.14,-135.98,86.59,72.44,-47.34,-199.04,-107.90,108.01,32.78,-27.64,-65.52,59.65,-70.42,26.81,36.14,114.22
-434.71,-436.98,-299.74,-127.22,179.41,130.54,-167.99,-127.85,111.41,-369.02,-44.83,-222.27,-190.94,-175.70,125.92,142.35,-42.35,-105.21,-12.83,-64.73,-53.75,82.23,23.15,3.80,-81.98,23.27,-56.63,36.25,80.36,160.52,45.68,23.01,61.77,116.18,69.32,45.13,129.68,32.85,-106.84,63.44,57.42,49.54,7.06,-37.48,58.99,-40.51,23.90,93.16,55.69,114.03,80.77
-689.94,-814.57,35.50,-211.35,86.84,201.54,-100.93,-105.90,-49.74,-110.69,-39.18,219.79,49.73,-161.34,190.34,100.94,-139.09,-96.68,-207.98,-48.24,87.14,-146.75,41.16,21.21,123.99,13.91,90.46,-22.26,-37.89,-37.59,-110.88,54.93,34.95,30.27,-12.01,-5.54,-85.17,-3.37,65.11,2.50,-58.64,-23.18,70.25,-52.02,2.02,11.68,-1.11,-98.13,-22.03,3.13,-85.82
-936.32,-914.87,277.98,-458.80,594.32,203.66,-246.77,-106.80,219.96,-327.01,103.64,118.21,266.49,-179.74,-39.38,197.47,93.82,-41.59,210.72,18.60,74.73,-22.41,90.65,77.23,14.34,-153.75,118.28,46.05,88.07,-92.84,36.07,-38.99,-106.49,65.82,-0.65,-24.44,102.14,-37.21,-14.59,2.20,4.09,36.35,-154.45,-89.08,52.87,16.85,69.82,40.60,-0.05,45.58,26.51
-682.21,-965.98,-253.72,-51.36,178.89,-112.73,86.09,-293.91,-309.13,-259.30,318.33,-72.96,139.07,152.44,45.68,62.17,35.78,-68.67,-31.96,87.37,10.51,-95.18,148.11,52.56,155.20,71.39,31.87,-93.85,-84.96,-15.34,32.88,-20.04,-58.31,125.95,-2.69,-159.00,-172.86,-44.94,-31.96,106.04,-70.40,21.91,9.79,72.10,24.37,37.87,31.89,-95.14,-64.26,-10.12,-142.82
-397.71,-281.33,-32.75,-152.42,-21.87,468.13,108.55,22.35,-370.10,60.83,105.11,-76.57,265.54,-243.07,-314.56,-2.06,58.53,-47.93,77.04,73.15,29.37,-23.59,-86.47,222.84,97.56,-200.62,-0.05,27.60,-12.69,110.91,76.96,-51.47,104.17,89.60,178.63,108.30,-97.95,35.74,-6.60,-28.71,19.18,185.91,-31.80,-10.60,117.74,-9.72,-32.86,0.24,21.85,40.36,-48.77
-342.19,-282.68,73.98,-344.63,-77.23,265.11,-225.14,69.21,-229.84,-240.80,128.16,158.80,2.74,7.04,-198.87,43.06,96.61,-164.18,-60.05,-13.46,153.26,105.85,111.84,0.03,-14.37,-2.53,82.96,45.16,25.07,-16.53,64.09,-12.44,-78.34,97.70,-150.51,-20.98,18.41,12.86,49.94,46.74,2.48,2.09,58.81,-34.80,29.90,-13.25,65.51,-42.09,-33.49,-45.30,-18.45
-548.83,-251.72,-470.50,296.83,244.16,77.84,150.93,-174.39,-329.95,-203.24,109.00,-84.66,-11.82,70.71,91.95,50.12,-7.86,-46.90,-21.96,12.03,56.43,82.49,-98.59,-105.45,103.34,-22.27,-45.46,-39.41,-48.20,-81.92,245.28,30.33,-124.16,143.78,-93.02,-63.22,42.30,37.23,45.35,99.69,110.40,0.02,0.73,81.91,73.34,54.13,5.43,7.87,-9.08,97.78,-13.88
-666.98,-266.41,-82.35,135.78,-49.19,488.40,-20.04,-94.05,-122.23,152.73,115.00,394.81,84.99,-232.95,233.74,93.27,-12.69,-170.05,26.57,-137.71,99.24,-43.49,141.01,-78.91,15.89,-88.10,-2.62,-13.80,-22.69,59.54,-116.92,80.87,6.86,-35.79,-71.30,13.54,-24.54,63.24,-40.85,-9.19,-38.26,17.39,87.64,-39.57,17.65,-80.28,4.50,-109.69,-4.79,56.19,-55.32
-637.98,218.70,81.32,-367.54,-118.67,216.10,-122.51,222.65,-265.48,-59.88,49.02,-37.69,57.59,122.54,-139.31,-155.30,-222.29,-23.87,58.61,-81.71,-51.89,-17.85,-4.78,37.74,-140.54,58.10,-37.00,6.68,-95.42,84.72,-10.52,45.79,96.83,-29.99,-45.87,-43.41,-88.84,59.62,-8.38,-15.93,35.02,95.05,10.48,-32.86,-49.43,-32.06,3.88,40.40,47.57,-53.78,10.31
-1065.55,-282.38,-445.94,-328.79,62.30,203.81,-206.70,199.66,-276.15,-29.34,27.46,-153.07,-95.82,-159.27,-10.77,-89.53,-123.67,-29.56,-21.11,-13.51,-56.50,-31.96,57.23,37.55,-54.21,69.74,16.21,-11.23,-98.21,83.23,-29.93,-4.40,73.94,-11.15,-89.60,70.67,-3.32,45.16,26.81,11.26,6.54,-14.19,-31.58,-3.48,1.26,4.39,8.67,-14.79,38.00,1.87,-30.35
-1233.48,240.26,-580.65,-56.99,-96.59,332.54,-176.87,146.67,-413.39,55.39,117.05,-137.72,-119.29,-151.15,-10.78,-73.63,-162.62,118.19,19.16,-56.68,-10.09,-16.72,46.87,82.80,-54.84,56.10,4.94,25.65,-125.04,90.47,-82.10,38.43,16.50,-37.93,-46.54,95.55,-46.14,21.75,108.46,23.97,-23.21,-26.00,-62.51,-16.21,76.92,45.50,-27.62,68.79,51.16,4.44,-83.90
-258.52,-190.45,-81.34,-682.79,-190.71,244.39,-158.00,262.79,-177.33,-54.08,107.11,-85.86,50.15,58.07,32.17,-199.39,-186.05,14.94,-12.52,89.04,-117.22,56.93,-55.50,-21.39,-94.76,-20.54,69.20,-14.94,-48.66,63.23,51.45,3.71,12.74,27.28,32.44,34.64,53.10,-10.99,-87.83,0.54,5.14,62.09,23.02,-48.87,-19.02,-87.28,28.67,-31.69,15.64,3.23,-41.79
-1229.02,364.59,138.40,131.35,247.90,77.96,-71.58,92.13,-492.86,-5.35,112.62,41.31,-188.81,-16.52,-14.76,67.85,-206.72,-82.99,122.02,-73.61,25.64,74.23,-98.64,-96.31,-30.19,79.93,30.70,44.91,-65.45,49.69,9.92,-10.54,130.31,32.70,3.83,52.29,51.74,67.87,113.53,-17.55,2.68,79.34,-94.63,70.42,14.26,46.77,-1.10,14.43,-59.62,73.43,19.71
-569.48,79.22,30.66,-509.58,-208.77,279.34,-92.44,340.03,-338.99,-62.47,28.48,-95.56,-41.33,43.58,-43.57,-159.07,-290.99,93.22,72.76,-48.24,-126.45,-53.99,36.40,126.64,-51.60,3.25,-9.28,-19.19,16.76,-15.29,71.80,55.64,-38.53,-93.09,32.35,-15.25,-92.55,-3.65,28.14,-74.84,-11.19,58.26,3.77,-52.32,-5.64,-44.13,-42.99,-8.20,-84.69,-79.52,7.83
-858.64,403.96,33.40,-38.97,87.32,127.76,-89.99,141.12,-350.15,24.47,108.04,116.50,-97.95,-38.05,11.34,-80.26,-193.73,-20.32,54.48,-47.80,9.53,59.17,-44.63,5.20,-39.62,88.05,45.12,27.32,30.13,68.09,-26.12,30.94,103.15,23.46,-79.00,43.58,127.47,-1.16,91.86,-74.15,-28.72,43.52,-72.39,93.40,11.24,90.32,-10.90,-33.07,-70.05,79.22,6.39
-665.85,-47.33,305.95,-250.32,75.39,46.71,-83.88,103.86,-214.64,-49.41,138.01,-34.43,-212.64,237.12,44.45,-149.39,-46.59,-40.07,-50.37,-67.84,24.50,-8.37,77.69,74.11,11.02,39.84,30.94,34.29,-36.16,-147.83,22.95,7.92,-23.93,52.23,28.82,104.36,194.06,39.86,154.97,106.10,8.01,52.52,55.58,17.18,-77.48,51.01,-37.03,56.40,-31.36,-54.37,-93.20
-432.46,190.05,-357.54,-222.40,-67.01,124.11,-202.81,172.35,-283.94,209.31,70.06,21.19,-269.82,-247.49,101.42,13.47,-115.67,-14.86,39.30,134.80,-54.34,106.28,-26.06,17.11,-5.98,78.49,16.51,103.69,-111.61,77.73,72.99,-88.56,40.84,-61.11,-55.36,7.85,4.36,76.72,24.97,122.60,-9.59,-52.46,-96.01,-31.37,-30.79,65.25,27.97,1.96,9.90,35.09,-8.18
-533.55,-43.91,-264.84,-307.66,-119.55,237.80,-242.05,107.76,-230.52,38.20,68.00,16.81,-241.90,-95.94,-36.36,-41.68,-55.61,-78.19,-1.36,-39.86,3.47,47.57,-32.50,97.02,-8.61,132.98,-48.17,71.05,-36.44,18.26,-65.35,-23.71,39.12,20.86,-12.31,86.92,18.08,42.99,54.79,41.22,-30.51,-82.27,-38.96,3.84,-37.67,15.30,-3.42,7.89,1.37,37.34,-0.12
-681.24,-247.75,123.01,-646.00,-176.25,125.27,-66.30,202.72,-211.25,-88.15,22.14,-82.03,55.85,120.69,65.15,-225.69,-170.17,77.74,-65.55,92.60,-88.32,37.05,-99.08,-75.56,-78.00,-5.78,22.68,-36.02,-50.72,27.55,101.78,8.25,37.85,-12.13,-29.48,44.42,65.31,2.92,-93.87,-20.91,22.23,43.73,4.01,-6.74,17.97,-91.50,50.56,-19.67,12.82,-1.09,-77.52
-635.92,217.44,-123.30,-327.85,-4.83,234.17,-66.00,246.79,-345.18,-39.45,-7.38,-30.48,33.87,-66.94,-21.84,-88.82,-331.11,-4.68,14.45,-69.60,-49.61,-53.58,-20.73,-42.20,-105.62,78.91,15.73,-41.52,0.70,91.82,33.27,33.20,52.54,-35.54,-69.12,35.78,-1.38,51.53,-14.61,-21.02,3.72,84.24,-20.26,21.41,18.02,16.37,14.13,-22.17,15.80,-14.36,-27.35
-1064.43,-649.53,430.72,-406.45,293.77,-29.79,-162.12,66.80,-347.39,-204.19,8.09,-119.07,-281.02,108.79,110.67,-70.16,-149.21,-33.77,-50.26,-20.89,-110.53,42.35,-24.65,-72.13,17.49,94.77,-26.60,-11.44,-42.10,62.67,-40.33,43.69,71.74,-22.40,-124.71,65.16,53.85,111.84,64.55,-93.75,70.53,30.99,78.71,31.86,17.83,34.26,-11.05,15.63,-10.03,4.31,-64.76
-957.27,535.56,-198.85,-196.05,-186.17,255.90,-48.61,249.93,-352.24,110.90,56.29,-0.90,21.32,-96.54,-22.52,-164.94,-194.04,-22.54,52.13,-10.30,-10.98,-45.75,89.43,31.67,-63.41,94.52,-23.51,42.63,-28.97,86.92,-29.34,-7.78,113.49,-17.20,12.49,58.60,71.59,-16.74,83.01,-35.58,5.31,-3.54,-54.70,84.06,-9.15,29.02,-1.18,19.30,-20.64,-35.84,-45.34
-910.08,225.24,-7.49,-210.25,67.88,-229.16,-459.52,-153.62,-288.01,282.44,-81.54,156.53,-192.95,156.34,-55.42,30.64,117.47,12.72,34.65,-147.05,100.14,-31.25,7.19,6.61,25.28,-86.66,11.57,-2.62,51.84,12.13,-15.43,-80.93,23.64,-17.76,21.04,-58.51,-52.31,46.64,-12.85,43.06,-2.11,24.40,-51.77,115.51,-31.23,82.48,-8.24,-7.94,12.07,-30.24,72.39
-634.11,213.92,238.33,-329.97,167.44,-184.92,-323.01,-85.81,-259.25,290.13,-243.23,101.95,-270.33,5.05,-19.56,223.81,47.78,-36.70,47.85,-89.15,60.08,8.80,-86.38,-44.41,-115.02,-24.00,-20.28,48.98,62.43,-63.24,141.90,-2.74,6.81,-93.97,71.92,-86.90,-6.62,25.18,-92.50,46.75,-13.98,-60.03,-17.65,21.18,54.18,90.80,88.05,-88.89,-3.77,4.70,9.28
-714.67,-437.18,-65.83,-765.06,-21.03,-239.84,-374.86,-198.73,-207.95,274.77,-298.13,142.90,-246.21,-95.72,109.68,129.45,105.66,35.13,-46.11,32.42,2.73,-41.10,-85.79,-165.12,25.93,-178.23,54.63,-113.10,-22.00,-97.75,-20.51,-79.94,-3.15,70.27,159.13,32.13,6.54,99.27,-143.72,148.52,0.80,-66.85,-54.97,-67.29,-3.34,-89.03,2.96,49.41,11.06,38.23,-56.83
-577.47,-632.11,259.90,-696.12,32.11,-618.91,-63.90,-133.97,-57.61,230.70,-223.26,-1.77,-92.33,-44.69,-113.37,135.52,25.61,11.14,48.87,74.33,37.60,-92.50,92.69,-96.29,-75.35,-75.38,89.38,-57.43,-34.21,-51.38,-87.13,20.73,-8.24,42.91,145.81,16.29,120.07,-28.90,-90.16,14.04,-63.41,126.29,19.12,-63.55,45.61,-110.07,28.57,7.25,-8.13,29.48,21.81
-551.63,220.11,124.80,-434.74,214.99,-320.32,-349.32,-148.46,-115.75,227.28,-223.16,29.93,-133.05,23.52,-21.84,52.89,106.93,78.72,-98.21,-22.54,-19.58,-94.66,38.39,20.05,-66.79,-104.26,-15.67,-2.32,28.90,47.96,8.84,-14.19,-37.81,0.16,-4.56,-54.74,37.46,37.62,-110.05,59.34,6.98,37.97,-23.80,-14.87,-20.49,-35.93,54.45,-68.41,-25.65,51.60,-39.13
-359.39,-105.20,127.03,-573.66,-44.49,-212.87,-396.40,-93.77,-203.18,295.83,-201.22,72.01,-291.07,104.54,-10.75,17.43,63.23,108.64,-41.23,-47.99,98.31,-76.25,-171.55,-71.76,126.85,-97.44,-41.42,72.21,-67.77,85.22,104.82,58.78,-7.76,-70.25,76.22,-78.99,-118.53,-123.21,29.47,-131.10,108.24,13.68,-154.22,40.85,13.16,25.83,29.36,-9.14,-53.89,-49.84,40.82
-603.47,342.56,-174.87,-284.77,28.50,-119.72,-363.30,-264.03,-244.98,348.07,-95.25,110.18,-260.83,-146.65,16.80,118.45,205.82,-36.86,30.55,115.11,15.99,58.24,-112.78,-117.78,-55.48,-14.90,16.43,-26.58,-54.06,39.04,18.00,-156.37,-32.34,-88.03,-15.64,32.89,27.00,2.41,-63.47,41.47,-0.80,12.83,30.58,-12.94,54.66,-127.61,29.34,53.40,90.54,107.72,29.92
-695.56,-178.26,29.48,-565.03,74.61,-196.21,-300.37,-162.83,-117.82,264.06,-195.35,65.23,-350.04,-158.34,0.47,203.14,37.90,-113.14,-89.96,187.68,1.42,54.88,-43.78,-106.49,60.81,17.56,165.65,-38.99,-119.34,-116.09,10.17,-22.58,-15.10,4.60,38.17,-0.67,-22.57,-58.96,-43.15,-37.15,-142.66,-56.98,56.76,-173.74,52.24,-69.43,51.71,53.16,43.34,80.74,13.68
-932.54,-531.62,367.35,-356.68,123.83,-341.98,-333.06,-131.21,-226.77,176.30,-257.55,143.39,-198.59,283.12,-15.96,104.21,32.76,31.65,28.37,-164.28,65.75,-115.83,-167.12,75.52,117.22,-79.18,74.85,84.27,-50.49,33.80,32.54,81.44,5.79,58.58,117.50,-71.77,12.96,-43.81,-26.48,-31.21,39.69,-7.05,-61.40,45.48,-18.34,42.32,-41.02,21.12,-32.79,-118.95,26.53
-1085.77,-1326.48,-78.45,-84.40,-423.79,-455.95,44.69,-153.88,172.61,-305.27,-54.54,-222.00,90.58,-123.92,-144.57,27.11,-87.47,-17.30,-14.50,5.74,-219.48,-42.84,50.98,-31.35,14.41,-113.20,-283.09,-112.51,-89.16,-55.35,-51.05,97.45,-109.65,-142.19,-78.26,11.46,-42.80,-90.98,-31.95,17.05,-1.56,-48.35,9.51,-7.77,-40.95,16.52,71.48,-30.03,-30.71,-89.00,-87.44
-498.50,-126.16,-502.51,-193.33,60.63,111.57,-48.40,-147.48,-68.42,60.60,-68.97,-123.45,-59.96,186.10,28.45,112.83,-31.47,75.65,30.10,73.90,-149.68,-166.77,150.06,100.19,254.05,-81.49,-59.93,-118.10,39.26,-129.16,-165.46,18.34,-108.77,-55.07,89.78,56.49,30.57,42.11,95.27,-35.75,78.00,48.54,-9.22,-66.40,7.25,74.95,-17.95,2.02,-125.80,-62.99,23.12
-953.21,93.98,-794.37,422.60,289.98,119.79,118.19,38.15,-95.64,-179.37,-95.26,-167.33,302.61,30.16,-392.02,172.90,-144.08,-168.06,51.58,-69.82,41.75,146.38,-146.09,-44.51,67.69,-35.21,92.78,-59.36,-163.51,-137.01,36.94,-10.93,-125.35,-140.35,-36.02,3.76,-8.83,-36.98,74.94,61.31,-43.01,137.69,-14.17,-72.36,-137.50,-6.48,203.83,-91.84,61.57,67.05,-32.78
-1829.49,-868.96,-355.18,431.13,-135.42,-394.78,117.93,-121.30,136.26,-195.63,-132.72,-412.69,329.72,-139.99,-220.05,143.90,-40.95,-29.82,1.19,-141.26,-40.54,119.54,-87.37,2.16,95.37,53.12,-57.43,-49.92,-138.13,-36.11,-42.74,2.71,-17.08,-185.38,-14.94,-6.44,-13.11,-45.97,-11.47,26.68,-40.41,10.36,-64.78,55.49,-79.53,125.99,121.64,-61.52,-49.71,26.30,-60.65
-958.98,-218.35,275.27,251.86,-197.76,-179.96,-176.37,-297.12,-160.28,-128.34,266.54,-227.61,116.84,345.78,-337.99,103.07,321.16,185.02,-64.19,-145.85,-23.17,88.12,-252.08,236.30,-294.16,244.64,250.64,113.47,102.21,65.29,51.19,40.82,29.27,18.25,-120.82,121.39,77.67,-181.70,-56.16,-40.74,80.68,-128.50,109.18,-160.17,-61.09,38.94,154.33,32.64,48.91,32.53,-133.22
-1072.73,250.87,-443.91,-268.37,-59.81,276.23,548.81,116.91,332.33,128.71,116.53,-18.70,-157.16,41.59,-122.98,39.38,129.49,-76.68,25.02,-17.08,-11.20,-35.87,2.95,-82.49,-58.36,-118.11,57.94,75.39,113.56,81.54,28.06,-18.85,87.20,-17.26,99.41,-39.87,48.80,-72.50,76.08,81.67,36.73,56.93,-9.97,-21.56,1.19,80.43,2.08,-83.47,40.80,-34.31,-46.18
-1209.37,226.22,54.31,-163.65,68.68,9.00,277.62,268.06,235.59,336.95,297.44,133.17,4.34,51.79,21.25,-65.07,96.70,-116.72,33.06,-49.36,42.58,-36.22,-107.79,120.91,-36.76,116.45,-83.11,-31.67,-154.56,-212.06,-138.71,-58.92,-221.58,43.66,-34.02,9.73,-73.86,-67.43,-107.53,32.00,27.23,2.81,82.59,37.36,13.79,-88.60,-16.19,48.12,-63.59,67.90,91.14
-1179.76,244.60,-232.66,-130.59,231.85,83.31,477.37,93.55,168.31,26.13,258.19,94.27,-131.41,130.73,-149.43,215.53,90.44,-32.71,-29.38,-78.12,19.50,-234.86,87.00,-46.74,-95.23,39.63,-4.52,-36.96,39.43,49.19,-23.95,108.25,-107.87,95.54,-14.59,-7.85,-90.41,30.63,50.28,126.39,-25.46,77.30,-74.07,-7.87,-52.35,-150.16,25.29,69.35,60.13,89.62,-54.51
-1052.27,343.36,-14.04,-226.03,226.14,67.59,576.21,193.85,319.50,93.22,205.12,13.78,-107.97,93.64,-142.26,82.28,42.26,-50.25,-78.41,-106.21,38.24,-157.66,-69.83,-8.50,-2.25,-19.97,3.87,-60.88,10.79,-21.33,-32.51,41.31,-28.94,-1.49,29.98,28.18,-4.92,-36.29,13.95,17.48,7.11,43.88,-44.50,72.57,-43.02,-4.68,-15.82,39.80,-9.69,60.47,19.36
-402.25,261.55,-148.99,-398.15,-103.93,130.24,465.35,104.88,351.18,82.97,31.96,-34.86,-201.83,-89.24,43.45,-18.98,138.60,-74.11,-30.86,103.14,-23.91,-4.48,117.68,13.54,-103.28,-38.10,22.89,48.92,69.50,46.43,32.48,-82.89,106.41,-45.56,105.61,-77.80,94.37,-121.75,134.34,58.60,-25.38,-23.02,5.84,-70.76,23.19,76.46,-0.48,-54.64,8.15,-42.68,-37.23
-936.98,213.95,-398.18,-230.96,212.44,129.18,382.27,134.66,233.17,149.71,210.60,44.74,-113.53,123.60,-65.87,99.97,25.27,7.10,75.39,-20.00,-33.84,-108.98,-142.22,91.46,10.29,-82.69,8.19,-88.11,-24.52,37.08,-35.19,87.78,-82.74,73.03,-41.11,49.53,-136.44,21.56,-126.95,-117.84,-73.37,1.33,-115.23,-17.93,26.04,-25.42,32.23,74.03,-22.72,2.70,-41.88
-758.15,410.66,-386.36,-192.35,1.11,167.20,442.45,124.57,346.45,191.79,96.67,-28.48,-207.00,113.06,-138.29,-96.17,113.96,-65.48,-70.57,-139.91,54.97,17.51,-34.06,-57.28,-13.94,4.67,72.24,45.63,-9.16,23.27,-2.45,-123.90,94.81,-96.56,-59.66,40.81,-5.55,38.80,12.25,97.11,42.52,17.13,87.91,45.80,-74.50,85.96,-29.65,-66.09,62.41,-2.97,-58.71
-961.85,451.97,-239.01,-221.32,67.51,150.00,434.33,273.59,253.62,175.63,178.35,-14.87,-110.99,139.99,-76.91,-8.41,10.82,-1.03,73.73,-75.66,67.96,118.09,-148.49,-4.91,225.04,-127.29,112.63,-86.82,36.95,-81.14,-101.60,110.34,-116.81,42.89,-100.26,-43.27,14.95,64.13,-184.79,-89.19,21.65,-43.21,-48.52,49.93,76.05,-28.07,-30.88,111.44,52.23,-55.28,-22.81
-852.60,114.20,-242.59,-429.50,157.50,49.08,578.66,149.21,367.91,87.40,73.58,1.88,-190.21,-31.60,-41.19,113.80,32.10,-17.69,-75.48,-1.67,24.84,-78.61,-73.74,-34.81,6.44,-88.49,61.33,22.85,39.99,48.30,46.90,0.21,46.87,-8.24,50.43,-50.94,-3.42,-17.01,37.63,53.84,22.28,98.43,22.53,31.10,-52.38,55.99,-29.87,-4.21,10.42,14.28,-48.49
-1014.25,89.97,-507.30,-345.51,73.05,133.95,469.02,18.13,155.07,5.09,50.07,-39.01,-185.38,42.51,-60.67,132.78,107.34,66.48,169.39,33.79,-172.05,-47.77,-69.73,1.04,-80.97,-223.82,50.19,40.64,61.36,35.15,-23.62,80.37,-16.42,106.05,123.31,78.38,-65.91,-43.27,-63.38,-95.19,-55.12,74.61,-76.51,-131.84,-8.64,47.11,13.94,-44.73,-11.36,69.47,35.67
-1065.49,312.31,-11.12,-237.35,27.31,128.87,437.92,204.48,327.70,169.74,216.27,58.00,-115.24,25.52,-82.81,32.89,27.42,-74.89,-21.31,-40.15,37.04,-122.30,-92.80,125.09,-32.11,23.49,-43.57,2.53,-115.62,-113.46,15.91,-61.29,-94.08,-4.22,-92.32,4.53,15.88,-75.33,-3.56,-29.55,18.67,-64.43,77.15,87.44,34.48,-5.78,-37.20,50.17,-62.26,-12.68,71.15
-803.95,201.96,-170.62,-339.34,120.19,102.78,523.43,134.29,351.23,-14.65,143.77,32.87,-149.88,-4.62,-90.48,42.58,33.65,-76.33,-123.50,22.94,37.69,-110.69,8.42,-30.03,-93.29,10.08,-4.31,53.17,88.49,51.06,28.13,6.56,29.39,1.21,-15.38,53.63,9.66,-166.28,120.62,-12.07,-13.62,0.75,-4.26,-21.99,-29.31,64.04,42.17,-76.20,-40.10,-35.97,30.13
-1309.53,288.46,-73.68,-166.99,66.77,156.19,362.57,109.80,241.81,-67.17,155.55,97.67,-175.43,55.26,-253.41,40.52,59.34,-133.25,-107.00,-118.91,2.20,-117.76,34.09,7.95,-179.92,20.38,2.70,35.23,-12.57,41.91,62.60,-94.25,94.28,-23.77,-16.97,53.29,-73.97,-139.73,124.19,-18.47,-74.90,-113.22,30.45,-66.51,26.37,25.90,-28.47,-48.13,-28.72,-54.02,-42.58
-922.09,159.83,-174.64,-315.93,66.24,129.74,529.99,92.92,287.33,97.72,84.51,94.98,-181.93,-24.23,-70.02,144.36,44.46,29.58,18.98,12.32,-37.15,-192.54,46.61,0.42,-78.18,-29.63,25.71,42.61,30.89,86.06,48.67,-24.89,42.72,34.54,63.92,-16.00,-76.63,-68.46,63.60,125.07,-38.41,37.81,-33.28,8.18,-73.93,35.23,-21.22,-0.76,7.89,40.26,-59.80
-355.63,275.72,-267.81,-432.52,-63.08,-45.83,199.04,189.19,415.04,417.68,78.39,228.97,-100.75,-93.82,39.76,-122.85,70.42,-80.11,-57.41,24.75,34.46,-1.89,-113.87,18.86,43.13,98.08,-16.52,-52.86,-117.34,-104.87,-98.69,-143.61,-65.17,-3.70,-220.98,35.92,-44.76,60.53,-92.57,-11.25,93.54,1.06,-39.24,14.47,9.22,-82.39,-37.50,99.52,13.33,-20.74,32.67
-674.63,-180.98,62.28,-641.34,36.60,-82.28,512.64,202.59,344.05,236.59,-23.72,81.17,-223.81,-279.18,99.64,113.53,-10.12,32.31,-55.69,154.35,-73.59,-59.90,-130.01,-34.95,78.86,83.95,16.29,-18.50,5.76,9.00,1.52,-55.08,1.29,-165.62,-104.45,-8.46,-55.32,-6.10,66.18,-22.97,164.35,-22.85,-32.00,-56.30,-66.26,-15.50,-44.20,65.53,-5.13,12.40,19.04
-553.30,364.36,-48.67,-349.22,198.58,-26.22,366.02,197.90,341.90,211.64,144.16,126.69,-111.62,-33.64,6.35,33.67,-13.33,-25.26,-63.73,-64.08,85.49,-91.96,-171.09,22.75,9.61,91.13,1.56,-50.21,-48.69,-93.69,-77.43,-23.69,-153.17,-53.90,-124.21,57.90,-26.77,20.82,-109.97,10.24,36.54,40.10,17.01,80.03,28.56,-83.81,-35.85,104.25,-30.38,-8.16,63.84
-893.49,-124.44,-312.38,-562.41,123.95,123.47,539.88,25.28,342.56,-57.37,-1.23,-69.78,-226.45,20.56,-0.56,-49.57,-104.15,4.79,34.78,-1.15,-95.47,154.73,-58.17,-162.61,-32.11,-149.15,137.93,114.35,136.83,-82.56,-3.51,-83.09,142.42,19.68,-18.88,82.28,92.09,-40.61,-58.91,-6.75,-65.97,-45.61,29.06,-56.30,-32.85,60.56,-27.11,-115.72,-40.14,-11.30,-67.36
-1103.43,286.54,-331.60,-191.69,125.34,169.62,570.39,52.36,349.03,-25.35,124.42,0.87,-157.38,132.72,-193.51,87.84,84.13,-56.00,-60.88,-125.91,46.86,-161.50,48.37,-49.69,-54.89,-95.86,53.14,18.41,82.52,98.23,-2.59,51.48,46.25,43.74,99.77,8.96,-2.80,-64.98,107.50,128.96,10.21,105.93,-27.29,37.31,-57.06,74.67,-14.33,-15.91,64.03,38.62,-54.59
-624.82,-197.48,-13.17,-612.94,135.15,-77.13,580.51,125.22,276.60,231.47,-73.34,-23.78,-251.40,-227.41,116.83,32.55,-124.01,90.73,-115.38,56.26,-61.26,-54.37,-67.89,-28.78,53.10,45.43,-3.04,-2.93,6.04,-78.73,20.57,-110.18,18.02,-142.06,-69.60,8.42,42.84,-18.64,36.36,33.32,34.97,-27.17,-8.18,18.36,17.05,62.94,23.83,-4.17,-88.82,48.69,-46.56
-2051.87,830.61,53.39,65.61,110.65,-98.74,98.12,45.06,-85.51,-327.25,95.49,-47.89,169.52,-260.90,-100.16,165.43,211.05,189.13,-48.34,79.56,-209.99,-189.99,-137.47,20.42,72.65,-151.72,34.13,-66.77,-66.26,72.27,29.93,74.34,141.70,6.34,38.21,31.87,-83.12,123.05,81.20,-116.60,-34.29,-64.12,160.59,20.77,97.25,67.71,70.07,195.74,141.93,29.12,-30.39
-968.71,-1423.31,-421.51,475.21,49.96,-187.45,-147.67,486.06,-93.22,-96.52,20.66,-22.33,-168.21,-47.95,-37.48,-194.16,-24.32,162.01,-125.77,89.16,18.98,-0.77,-36.31,-200.53,-175.69,-325.63,172.29,340.88,-111.83,195.90,-506.30,-178.69,-247.98,16.25,-174.50,-208.88,-53.62,-9.44,179.00,95.93,-78.23,-167.79,31.61,103.43,221.11,-73.03,294.18,83.55,-101.92,16.66,210.60
-1606.26,-1170.41,-521.28,490.83,-444.18,-19.83,-209.54,86.05,285.07,-18.54,-130.73,85.57,-11.10,-78.94,-10.59,67.47,-62.51,106.14,-100.45,42.07,49.34,-186.09,-35.86,23.02,192.42,42.96,131.98,37.01,89.65,-3.43,139.95,122.58,69.19,-49.54,94.37,-102.33,-44.37,119.05,-24.75,11.32,-29.77,60.93,53.50,34.37,9.44,-1.84,85.01,-57.59,-23.15,-43.15,94.35
-1316.56,-819.44,-85.28,868.59,45.29,74.92,-334.17,-127.78,139.22,-330.01,425.25,-103.13,-210.01,411.44,-47.41,-188.35,-15.32,-84.64,-15.01,-145.42,-135.20,-90.39,-10.99,93.99,-118.65,7.23,112.53,75.17,94.11,-234.23,-65.20,-178.52,53.17,93.30,63.37,46.12,93.13,17.52,11.93,38.98,-49.63,-27.73,-60.06,128.40,-90.34,-113.16,-63.70,-92.67,-118.81,27.94,-109.64
-452.38,-94.84,-298.62,294.28,-264.41,86.80,-245.96,-147.78,255.99,86.66,203.08,-15.38,-197.84,285.13,115.15,63.83,-144.44,-18.36,17.54,-32.63,-41.96,268.53,-257.53,101.35,135.75,-92.36,37.25,136.80,163.38,-36.03,-11.84,-88.63,-135.99,80.10,10.94,-60.12,-12.41,97.79,-114.41,16.88,90.07,238.48,0.37,-191.68,48.62,92.71,-97.26,3.61,92.60,8.92,22.63
-1101.24,-628.78,-60.55,473.82,-317.59,120.57,-147.57,-16.95,239.76,-51.31,40.57,-3.29,-73.91,184.49,118.86,7.81,-129.06,37.08,3.88,5.89,10.97,196.66,-91.16,-103.04,58.19,-6.41,107.35,101.85,115.41,21.77,-10.75,-92.88,-71.82,-12.35,49.44,-37.86,-17.24,64.40,-69.75,-136.61,94.81,121.24,17.50,-6.88,128.81,26.54,-85.87,-32.55,129.70,-2.56,-32.56
-1031.06,-984.56,-644.93,740.56,64.22,126.89,-306.53,80.48,218.72,-190.10,262.04,-50.55,-193.33,155.91,22.90,79.36,29.47,-49.91,-8.50,-26.42,-133.64,-52.39,44.42,78.76,-135.20,-34.89,-60.68,100.29,134.89,30.81,141.59,38.67,-18.95,16.69,54.71,-42.64,26.49,-20.87,-119.34,-8.75,-70.91,-52.60,-71.18,128.12,9.54,-5.84,-43.54,-1.97,-63.54,121.55,-8.32
-243.10,-80.25,60.30,126.57,559.33,-227.57,155.61,140.79,153.12,131.56,-375.51,-392.22,246.70,180.77,-103.32,4.10,-152.55,160.89,166.15,-106.60,15.58,-94.61,270.41,-14.00,5.90,-13.24,-164.99,80.28,-195.04,-0.57,-25.61,59.28,-52.25,-47.03,27.93,92.95,157.61,-102.65,-160.31,-97.62,-29.87,85.42,44.93,-35.93,124.49,14.88,-66.34,-74.70,36.90,-41.31,12.30
-1230.67,238.03,-142.61,402.39,422.74,-8.53,78.21,-151.26,86.52,328.65,-19.64,-280.00,64.42,30.62,-206.82,45.19,-88.18,-134.26,166.64,44.64,110.47,15.83,146.08,-53.05,140.70,-19.79,-82.03,240.30,79.06,-69.47,-16.05,-49.29,112.80,-9.50,66.20,54.66,88.29,-8.85,3.41,-106.43,-20.39,-88.66,73.33,-18.88,27.60,-92.96,-37.49,12.38,-46.93,-13.72,128.93
-680.80,169.33,-270.46,-197.18,147.86,-77.58,172.81,-84.33,66.97,120.80,-254.81,-276.50,-87.88,-38.83,77.14,26.74,-133.05,-85.61,44.19,238.33,-72.67,24.79,40.30,-104.45,26.80,-150.14,-59.74,101.11,31.84,7.59,-27.84,-30.39,36.21,20.50,198.25,52.49,52.55,-91.15,13.58,-140.74,98.85,-88.32,252.60,14.71,46.00,-0.63,-47.40,-23.15,-14.10,54.92,-36.17
-1855.67,-79.04,-398.83,83.53,102.12,80.95,60.68,-235.42,-67.36,48.10,-288.67,-368.32,168.97,104.87,-0.85,-23.09,-42.95,37.71,-51.01,69.32,59.74,187.57,83.50,-151.67,68.97,16.24,78.52,178.91,158.65,-74.02,-26.75,-78.51,-76.83,-64.13,-32.15,-2.72,-111.92,-82.60,70.62,11.89,37.94,-61.80,65.73,51.99,-57.12,-73.94,-36.57,1.11,158.29,8.48,-6.99
-1881.76,-270.90,-404.38,131.28,236.86,-82.14,18.18,78.77,-20.17,253.75,29.23,-188.92,175.11,-209.47,-57.23,51.92,25.27,-205.16,228.72,-20.21,222.84,117.72,105.51,-69.07,-75.01,64.31,-47.95,220.49,20.12,-41.51,41.76,95.71,10.57,161.53,39.00,84.66,-79.30,-6.72,-163.85,-171.49,68.80,-152.58,8.55,83.83,36.19,-9.76,81.19,94.45,-29.47,-121.33,91.68
-592.24,-165.17,246.32,206.92,99.20,-105.06,344.71,-129.88,-286.36,281.79,54.24,-98.60,134.54,-172.94,-421.19,210.55,-110.56,7.88,-12.88,169.36,-44.73,14.52,6.25,-67.36,-17.29,21.22,-120.48,111.96,91.97,-10.83,128.06,192.68,-2.95,28.67,-89.55,-7.14,-5.16,47.21,39.35,41.49,-7.17,77.55,21.83,-110.07,-5.24,-54.68,18.54,63.52,-79.31,13.66,44.14
-1383.18,328.49,-412.63,158.12,-121.61,201.93,61.45,-105.76,-178.11,192.63,-109.74,-427.61,57.44,41.54,-158.46,-153.72,-14.59,169.05,-84.04,131.08,198.49,183.11,80.45,-140.07,-19.26,40.68,62.85,121.56,203.27,-64.63,6.26,75.35,-46.67,16.58,-76.31,-25.74,-154.26,-35.87,22.93,148.43,40.12,-179.84,38.11,-8.83,-69.28,-143.55,-26.86,-31.80,235.18,-10.50,-63.03
-878.04,-58.09,47.16,88.46,-302.73,54.15,-58.69,320.29,-23.73,-185.89,-209.12,34.38,59.80,-21.29,-119.11,221.70,17.56,-86.16,145.02,28.78,3.93,103.72,17.70,44.49,-44.76,70.35,-42.15,-76.79,22.53,-34.14,-44.53,-14.35,-12.71,35.02,12.68,-16.35,-47.45,1.73,-5.44,-11.62,85.82,-49.28,-3.41,18.34,23.18,42.15,-80.95,-22.54,-66.02,57.16,-19.51
-538.43,-76.01,362.38,94.97,-432.91,-138.13,4.06,228.06,-26.05,-14.72,-109.04,-15.86,-104.32,68.53,36.82,11.33,104.30,-93.73,145.01,5.41,-4.43,183.12,88.10,-3.18,-66.08,-33.69,-73.28,-100.11,6.83,-112.91,-28.69,36.31,-40.57,-6.55,-16.59,86.32,81.37,-63.81,-12.87,46.03,-38.96,29.86,71.42,92.15,41.10,-6.48,6.23,1.85,97.04,20.53,-34.67
-1429.49,-259.58,230.46,688.30,-107.65,-763.11,121.89,-226.72,-12.28,-40.71,33.23,-426.10,-402.17,-404.05,103.95,-9.84,-34.55,-84.42,-161.45,-111.57,31.74,155.64,236.81,140.44,18.40,68.50,151.00,64.96,117.04,82.22,86.20,-69.31,18.00,-2.00,-22.27,89.52,-91.46,27.61,113.27,-197.22,-63.98,153.37,-76.23,17.07,-0.44,0.50,90.27,-32.58,56.80,102.91,55.76
-1187.25,-112.19,444.89,-6.86,-121.15,-228.40,221.76,-78.91,-40.49,43.56,-8.49,-25.16,-210.03,-38.03,320.28,-353.22,122.22,22.65,-77.38,-54.41,-112.19,6.13,487.19,-68.61,110.13,66.15,45.96,36.53,100.79,-108.81,23.08,142.12,-188.31,48.38,-105.83,155.66,-60.47,70.24,59.10,-137.82,119.93,108.49,-68.96,144.60,-50.36,68.71,51.64,31.75,-4.60,79.45,-94.25
-1041.88,-91.37,258.86,205.22,-198.36,-343.32,79.42,6.99,65.19,32.47,61.87,-238.90,-244.19,-221.73,67.97,-21.29,59.48,-199.08,65.43,-70.18,-9.69,40.45,313.04,191.56,-170.71,-41.40,63.19,27.21,-279.52,-165.42,205.66,128.68,-186.27,82.42,-41.88,48.13,5.36,47.05,-39.77,-66.46,26.50,-63.01,102.11,-56.30,-60.75,-75.63,91.44,48.30,-22.27,-108.71,30.88
-862.50,-202.48,437.06,2.71,-198.47,-346.14,29.19,0.22,118.19,-7.79,-14.60,-249.64,-222.20,-165.14,28.03,-126.76,32.08,-186.17,-39.21,-60.03,-16.42,-1.02,280.58,124.30,-76.26,-31.00,80.41,64.37,-138.10,25.52,165.27,135.13,-119.32,134.16,-30.60,39.64,-54.13,-47.28,43.22,-184.23,96.37,43.62,-69.94,-135.37,-6.23,-158.65,37.08,-67.94,3.91,-25.93,17.24
-804.21,-378.14,-236.57,-208.75,-81.30,-54.26,54.29,153.60,52.92,38.79,-75.39,-31.59,328.30,117.60,154.85,-85.51,178.76,-37.12,-78.29,-6.57,2.45,-37.59,-90.56,17.50,-59.33,-51.80,-129.25,11.78,89.89,-13.70,7.53,7.72,72.78,28.90,16.78,-35.32,38.09,57.99,18.35,-23.18,-21.49,40.31,-28.80,28.57,61.66,47.09,65.26,20.39,-31.07,-78.06,-27.85
-828.19,-434.75,-241.61,-255.22,-256.85,196.63,-392.95,201.63,-55.19,178.27,14.85,-62.58,123.44,99.39,130.29,-70.16,260.79,46.74,-61.13,32.88,-54.94,30.93,5.30,-0.58,115.68,-23.88,-21.02,-4.26,90.09,-81.09,-2.70,-7.64,123.50,-147.47,-155.71,56.35,-15.70,89.09,65.24,106.76,-130.45,38.00,119.37,25.31,-21.34,107.93,-75.55,91.35,-38.12,11.09,52.02
-1381.63,-473.62,177.90,16.67,156.18,-221.49,6.78,-51.10,-114.30,-131.14,-200.39,25.72,253.66,92.52,227.22,36.66,-73.13,97.20,-236.36,-21.16,78.35,-179.28,-195.46,10.61,-87.93,105.85,-78.95,-45.46,78.05,10.47,36.32,-21.84,-26.13,21.85,-54.10,59.19,-89.67,15.36,49.21,53.06,37.24,-109.14,-58.20,-116.17,104.70,-96.99,-43.61,-12.74,-21.05,-123.33,-101.57
-688.69,90.27,-115.58,-292.29,-131.69,193.86,-173.88,252.30,72.47,52.50,-182.05,-93.00,255.90,231.11,92.28,-138.26,228.19,18.91,-179.70,-52.62,95.55,199.24,-264.73,45.71,142.59,-49.42,89.82,15.91,163.67,-131.18,10.71,-41.74,42.82,51.45,-90.26,-119.09,-4.89,82.59,45.45,-106.28,-88.38,57.55,-16.72,-169.99,-124.11,49.41,117.35,-15.45,-17.45,45.17,-52.63
-790.49,16.01,-70.89,-5.26,-43.16,-172.58,84.24,154.98,7.46,77.41,-131.79,-36.01,311.95,-81.05,232.82,-32.31,158.40,-151.03,-97.16,64.16,72.89,-62.72,-43.65,8.17,-100.91,40.56,-128.60,-40.86,85.11,-7.70,-10.13,-43.00,76.58,-10.69,-34.77,-15.77,17.23,-4.49,64.88,15.21,-11.66,-57.31,-79.05,-39.60,18.29,-41.77,25.05,3.59,-40.22,-73.78,-23.47
-1327.94,-194.02,184.22,200.53,-77.40,101.86,-26.04,168.34,-168.21,155.03,-28.43,189.80,404.31,-9.97,170.17,35.66,80.87,-238.63,115.26,17.43,13.81,10.25,2.79,-15.00,-160.15,67.44,-134.94,83.40,2.29,-97.47,-37.45,-19.79,-34.16,108.19,-52.21,-6.22,103.99,-85.74,-0.50,53.68,-36.53,54.97,43.80,-7.28,28.76,-10.14,9.84,-94.01,22.67,74.20,45.83
-802.63,238.77,-16.74,325.90,130.91,-89.46,-60.54,-71.73,36.16,317.22,-9.88,-21.21,404.70,31.06,260.88,-72.11,121.40,-71.40,-66.09,57.33,63.48,-122.04,-165.51,191.15,22.60,-7.81,-98.31,56.09,-148.09,-89.19,-56.23,101.69,79.30,61.53,53.92,48.27,104.28,3.67,75.21,-1.36,96.63,52.37,-52.70,-58.26,-97.56,-78.53,-1.38,56.65,-16.73,88.46,82.77
-897.91,-218.64,-63.85,50.15,66.60,-151.28,75.33,2.22,-36.87,260.31,-84.61,-94.55,299.35,-89.09,339.65,0.46,167.01,-106.01,-17.10,201.27,-10.23,-63.60,-68.14,-143.47,84.23,29.85,-30.49,58.09,-84.01,-13.86,-47.43,-114.00,205.66,-57.34,-38.39,-15.32,133.02,-48.32,-70.48,76.64,4.89,50.90,-64.83,104.06,-9.53,35.09,18.38,31.08,63.42,42.78,-6.77
-1330.49,-295.75,-228.43,-14.16,-39.88,-43.84,87.11,21.03,-185.54,250.76,-36.54,65.82,237.86,-129.01,345.16,50.12,32.96,-11.08,29.55,143.78,-43.18,-113.05,-5.63,2.06,-105.76,33.52,-123.37,11.46,22.82,-66.82,-13.54,-31.72,33.97,42.75,-59.27,0.94,78.82,-90.73,-14.13,101.34,64.20,-113.67,2.06,-5.82,-16.64,-6.13,-26.48,-64.24,-37.01,-3.02,56.44
-1332.48,-772.79,45.97,-154.41,120.47,-118.28,1.34,93.91,17.82,10.79,-103.69,-159.81,355.02,142.69,199.03,-65.89,166.47,24.00,-76.94,-8.73,15.20,-52.30,-79.86,-29.27,-8.46,19.96,-89.15,5.59,53.37,1.90,-9.21,65.61,62.16,-9.55,-56.62,16.83,15.99,95.53,10.29,36.30,-46.79,119.25,18.92,13.68,72.30,-53.92,6.55,24.77,36.24,-33.58,-11.39
-982.74,-233.28,210.59,28.20,93.19,-56.17,29.31,35.66,-10.37,51.16,-129.59,-125.15,292.11,191.13,154.75,-58.85,70.01,-15.44,-112.09,-67.73,-14.31,-122.50,-141.22,162.62,-26.62,6.34,-117.39,37.94,-67.64,-32.15,66.37,-35.59,31.51,-7.95,8.60,-34.33,-29.59,55.09,0.31,4.26,-101.02,-4.81,23.40,-24.29,78.20,-27.49,9.45,1.64,-23.74,-63.41,-10.24
-743.94,-352.70,-39.64,-84.76,-80.13,204.12,-178.61,243.40,37.38,197.42,19.92,62.92,280.92,-33.10,125.94,-80.83,132.89,-51.65,41.39,-34.82,-114.37,-42.96,-18.52,101.25,26.29,-59.58,-11.61,-10.08,62.22,-65.46,-52.50,-6.08,-52.18,28.31,-28.04,76.95,64.47,-106.86,29.25,90.89,-9.17,12.13,40.70,14.77,-29.23,-21.93,-19.56,-37.67,-44.95,36.01,46.35
-527.05,-187.10,262.17,63.22,-286.93,-72.41,204.17,109.62,-183.35,120.12,-1.29,-10.09,167.56,-14.89,259.66,1.80,53.91,1.93,57.52,-45.28,26.58,26.57,-96.23,7.31,-255.86,-73.59,-95.68,4.79,60.48,-14.10,31.31,-51.33,-117.29,14.27,-15.74,-23.27,-49.05,-4.94,33.94,24.52,-85.47,-28.34,-57.60,-89.39,-60.77,-13.08,-20.77,-24.73,24.15,18.88,-11.36
-711.31,-75.30,-63.89,44.71,-83.87,-31.26,79.40,129.46,-4.85,83.83,-108.21,-37.89,357.99,74.39,114.30,-112.38,196.29,9.07,-115.98,13.22,50.07,29.62,-152.53,35.84,2.96,-57.87,-84.05,-26.85,44.09,14.54,39.54,-4.29,90.46,-28.79,11.92,-37.79,65.68,64.55,46.70,-38.73,-98.46,52.20,-76.33,-15.55,45.88,21.68,19.03,9.84,-70.30,-32.22,-48.49
-1046.71,-178.28,-315.39,166.46,-125.27,-46.08,43.92,84.57,-92.28,214.56,-70.38,-76.73,357.90,9.02,80.31,-79.62,72.14,-96.84,14.04,-37.87,30.77,-173.43,28.65,89.57,-35.82,40.26,-109.97,17.18,-39.47,33.31,-56.35,-90.07,144.37,-35.39,13.12,4.82,-24.92,18.73,32.15,-79.54,-32.15,26.35,2.36,51.30,47.83,3.80,-24.89,19.79,16.55,20.93,41.85
-786.90,323.20,-103.35,135.81,108.91,-29.19,42.67,133.18,-56.34,27.61,-61.62,-127.31,289.08,61.92,129.78,1.57,204.65,-58.45,-196.47,-18.03,145.55,49.18,-208.38,112.71,17.40,-57.69,-40.94,9.86,38.03,-67.99,45.82,-3.65,102.06,-36.79,20.80,-38.10,69.45,63.38,58.71,-106.12,-98.58,29.59,-47.94,-73.98,64.97,61.68,47.94,-1.43,-74.22,-17.82,-36.04
-1705.30,-1130.54,105.99,-287.54,42.73,-150.86,65.11,78.86,58.12,-23.55,-153.38,-192.28,385.08,149.99,290.23,-64.10,158.62,19.78,-37.04,-47.53,-10.67,-10.22,-26.03,-80.91,2.55,40.37,-82.85,25.30,89.96,22.19,-12.77,18.17,55.73,-2.72,-51.95,13.70,-1.18,84.87,-37.57,-45.54,-76.25,70.15,32.79,55.25,66.24,-13.70,13.88,-14.26,34.49,-40.93,35.78
