59.28,-478.08,-310.65,-157.92,375.60,-206.14,212.80,711.09,-114.51,355.63,-28.33,-87.50,53.75,-35.45,-137.65,-99.26,24.21,-106.78,36.46,20.91,-41.44,18.38,37.48,57.84,-9.53,-3.85,-120.20,-67.68,-25.63,116.40,23.71,-15.57,-14.96,-52.90,-60.86,15.48,62.29,69.39,-36.09,0.76,-58.79,-37.48,32.83,45.36,78.23,89.77,61.93,2.25,-94.34,4.15,136.82
-259.57,-398.24,308.24,-172.50,170.03,-197.92,277.03,467.33,-246.44,207.76,-16.34,-37.27,53.97,-51.56,-189.77,-24.82,31.77,-53.60,-105.56,44.71,-35.20,-103.48,42.25,10.23,8.77,59.36,-8.57,-8.00,-21.59,18.79,-113.30,-49.74,-13.29,23.73,-65.73,37.85,40.28,61.40,4.95,-12.75,-37.93,-49.54,7.74,-0.12,48.52,45.40,46.89,-24.53,35.16,-12.28,12.93
-387.78,-231.22,399.70,32.06,67.67,-237.09,143.40,383.18,-239.23,270.32,-5.73,-49.63,27.04,144.08,-102.35,-45.18,124.41,-21.13,-49.98,90.19,18.62,-149.35,71.67,-137.90,56.06,-25.17,31.21,-51.36,47.34,-41.77,-50.14,-43.20,5.52,-10.00,-63.47,-62.64,-14.30,-5.10,-88.87,26.44,3.44,39.89,67.64,26.94,30.65,-16.77,9.85,-120.92,-59.52,67.44,-24.06
-810.81,-919.90,320.46,-354.55,81.01,-346.58,306.64,501.54,-111.97,178.52,-47.11,-126.98,-33.87,7.38,-61.89,-25.99,-71.02,-184.30,55.37,136.80,-15.75,-43.07,68.22,143.71,114.53,51.95,13.53,3.03,-79.21,65.76,-72.14,-46.27,-43.08,26.42,-18.21,133.59,42.18,40.07,23.70,2.30,-43.39,-77.76,17.55,72.64,52.94,49.34,47.00,0.77,-1.07,-42.96,43.21
-978.34,-550.22,336.56,-449.24,86.04,-426.00,337.38,112.05,-106.90,228.04,-91.30,-59.40,22.97,-70.68,-36.75,120.89,-19.13,-51.39,-93.15,166.98,46.44,-63.24,73.33,96.29,206.08,44.93,119.89,43.29,-2.57,78.34,-55.17,5.53,-11.30,60.04,-28.64,181.73,60.95,16.81,-22.00,1.74,-12.55,-59.93,18.87,26.59,19.24,41.29,58.58,-10.10,25.58,-17.19,-19.63
-65.80,-696.83,26.66,-211.92,260.67,-317.63,270.97,832.53,-75.73,324.04,20.52,-142.29,100.12,-43.18,-175.92,-43.42,49.20,-82.48,5.66,80.28,-82.88,-35.56,93.95,116.30,32.96,-36.65,-99.18,-48.37,-74.03,150.12,-20.54,-21.55,-39.67,3.87,-105.83,11.63,83.82,72.29,-56.50,-3.53,-62.63,-31.29,12.61,35.86,104.13,65.03,69.78,-28.14,-65.63,-9.16,88.43
-655.10,-392.76,718.17,-192.85,-180.32,-159.35,25.88,27.61,-131.20,193.11,-3.60,102.83,-2.98,29.02,-23.14,-56.95,-119.94,-74.75,-194.63,46.08,97.68,-149.42,105.54,6.35,114.93,0.02,-5.86,47.55,-84.79,-84.50,-46.18,-131.36,-15.99,72.59,-29.92,115.33,84.60,-16.39,71.49,-26.20,19.80,-22.75,32.07,49.51,-49.33,21.78,24.42,-16.09,24.59,-68.90,-87.43
221.38,-360.80,-67.13,-87.98,215.45,-181.02,133.88,635.02,-92.49,225.58,-39.23,-108.70,60.68,-4.48,-127.69,-40.76,85.35,30.06,-95.45,48.74,-46.80,-2.96,85.44,68.51,7.04,-14.50,-89.01,-18.16,-46.29,148.77,26.89,16.74,-40.51,-43.06,-30.10,-14.72,22.14,108.25,-32.04,-5.08,-18.39,8.75,25.77,21.43,53.30,37.17,89.72,-27.48,-96.43,44.75,61.86
-245.34,-450.67,254.32,-269.09,226.48,-209.70,353.79,646.38,-192.77,324.73,-25.33,-46.86,73.22,-68.82,-120.67,-45.78,4.06,-33.42,-82.75,100.75,-3.35,-116.12,102.77,99.58,56.77,43.64,17.59,-55.19,-19.99,25.94,-65.21,-31.88,-69.94,3.88,-31.50,75.96,64.79,72.87,67.69,-1.52,-19.83,-69.01,-3.22,-21.22,105.04,28.55,93.45,41.15,18.04,-34.00,59.47
-169.77,-331.58,107.96,-162.53,207.28,-156.97,137.12,505.21,-113.99,325.56,-18.83,-67.35,72.32,-16.01,-139.28,-54.47,27.70,-46.76,-126.63,124.79,-0.52,-85.51,109.37,-29.81,58.67,-23.71,-40.68,-35.30,-24.53,9.46,-32.18,-26.80,6.38,-58.19,-42.55,-63.21,36.47,28.94,11.72,9.64,-12.73,-18.48,42.41,-7.06,-8.52,66.30,32.74,21.36,30.97,29.97,71.01
154.38,-386.85,-75.94,-113.37,356.52,-143.13,206.38,577.58,-155.68,339.87,-0.19,-87.07,76.02,-58.27,-105.61,-138.13,20.40,14.38,4.52,97.97,-63.26,-75.79,188.22,94.47,99.43,-57.87,-22.87,-80.02,-30.66,83.01,24.29,78.48,-23.91,-1.70,-64.54,-4.59,-5.53,55.97,-45.85,-39.76,-66.50,5.66,34.74,-25.94,-3.16,41.83,23.57,41.87,-45.73,-14.30,96.12
-459.64,-327.06,392.61,-149.02,-15.35,-179.22,81.25,184.29,-79.34,237.54,5.68,78.60,15.73,-39.04,-55.94,2.05,-30.09,-32.10,-132.11,88.93,4.31,-141.52,101.31,-3.65,137.59,-54.79,61.31,-19.30,-107.86,-6.72,-80.00,-32.28,8.88,24.46,8.92,30.59,41.29,35.00,45.91,-16.47,24.60,-36.32,10.87,33.54,-64.66,5.64,-14.68,-2.34,37.30,-68.75,-22.74
-138.61,-598.77,480.25,-115.17,59.30,-102.09,-0.69,528.71,-95.84,185.17,26.93,47.76,20.44,33.31,-20.87,-21.12,-70.06,-160.32,-87.92,47.84,18.17,48.21,33.48,6.65,79.48,15.98,47.88,-182.56,-81.63,-41.37,15.12,-17.27,44.95,69.15,38.94,22.42,11.85,51.32,-35.56,-72.69,-22.80,4.53,-9.51,76.14,51.79,106.94,1.76,15.22,-25.84,27.86,27.16
-375.48,-568.35,-23.86,-275.67,209.23,-216.02,97.91,247.01,101.23,254.68,1.65,-101.50,0.18,-150.65,9.97,-57.57,-63.95,-89.19,25.50,121.00,57.57,-85.78,159.90,180.23,197.13,-41.01,-2.80,62.86,-100.98,147.89,17.20,33.31,30.92,2.64,-69.39,159.60,35.10,-55.63,-26.34,41.62,-72.79,-25.69,0.61,-32.23,-12.58,46.03,104.25,21.70,-9.86,-55.30,42.42
-127.08,-539.50,-114.90,-311.74,338.13,-138.78,191.39,516.90,-14.00,236.05,11.29,-108.63,16.01,-50.35,-101.28,-84.63,-57.96,-130.30,-40.62,35.53,-30.85,-3.88,86.72,39.50,77.66,9.89,-76.27,-2.69,-18.93,70.24,-71.17,-14.81,26.35,-14.64,-46.21,48.19,53.62,38.80,4.16,-21.32,-85.21,-51.08,-1.52,14.47,65.84,57.15,35.95,12.39,-26.60,-20.82,67.62
-346.52,-664.29,149.05,-344.29,224.25,-173.25,199.25,447.17,48.90,213.39,46.74,-19.82,-12.02,-98.76,-85.65,-36.47,-101.46,-85.32,-6.56,131.74,-8.57,6.72,56.70,156.17,190.36,-11.41,-29.44,-22.32,-73.92,127.79,-20.20,-18.13,-20.06,39.46,-68.50,82.53,30.88,11.54,-23.50,-6.76,-70.39,-44.86,-52.35,11.77,51.31,67.81,33.07,36.70,-27.75,-46.62,43.55
-215.05,-709.49,399.29,-162.89,142.66,-224.87,260.41,865.61,-153.32,242.55,-29.67,-111.16,102.84,76.59,-119.03,-26.15,114.16,-112.19,27.69,106.71,-52.63,-80.40,40.40,75.71,24.32,-28.63,-25.67,-66.73,-45.56,86.68,3.44,-42.90,-98.69,57.80,-102.21,-25.81,61.79,81.96,-47.80,47.87,-30.97,2.05,64.30,55.83,85.39,49.58,81.91,-58.11,-91.08,39.97,66.62
-364.09,-373.17,158.23,-303.91,96.09,-151.16,56.37,137.70,-38.74,283.06,-26.22,4.10,-15.83,16.33,27.71,12.36,-67.83,33.00,-301.85,64.22,69.94,-13.88,167.93,79.16,125.29,-63.30,20.71,-2.39,-60.88,-40.58,-73.26,-7.15,3.97,67.26,-7.61,143.07,52.87,-24.71,161.52,-99.57,-1.00,-26.30,-46.02,3.54,-102.89,-8.59,1.35,11.49,109.96,-42.82,-15.58
-396.33,-454.94,162.39,-277.92,116.29,-227.67,250.19,432.88,-179.54,210.45,6.66,-43.45,55.75,-9.24,-91.28,-61.65,60.94,-49.22,-117.98,68.67,-7.07,-178.29,85.77,88.48,53.86,36.66,-34.64,-9.13,-71.64,-26.12,-118.89,-53.96,-6.99,8.03,-31.35,57.29,85.48,38.96,63.67,-53.56,-1.19,-35.53,-16.91,-33.42,37.95,48.74,56.57,2.95,1.70,-54.97,-7.59
219.44,-608.13,-86.45,-219.25,343.11,-115.14,224.48,894.84,-51.38,365.98,-11.20,-78.61,66.09,-74.08,-204.14,-127.82,-85.46,-89.98,-18.33,94.77,-85.65,-34.26,100.55,43.75,32.87,-31.81,-106.75,-90.34,-89.70,95.56,39.93,26.35,-16.70,-28.79,-64.49,-39.14,31.46,43.30,7.17,11.27,-78.96,2.89,-37.24,-18.92,24.36,121.83,43.31,47.51,-25.51,-33.99,102.18
-358.88,-1026.66,884.60,-147.11,-48.43,-73.43,2.11,822.01,-105.71,182.56,52.10,-73.96,-28.76,176.23,-84.30,-160.04,-183.98,-348.17,4.22,21.17,10.03,-24.94,60.22,69.84,10.88,-25.57,3.11,-77.03,-85.58,-48.09,-53.96,-101.51,-35.51,38.29,-31.60,112.34,-28.59,66.14,73.35,59.00,-26.52,-66.09,36.48,128.21,65.79,75.61,95.04,-21.04,-50.29,3.81,48.48
-621.67,-229.50,314.96,-249.71,113.44,-298.58,314.73,225.45,-199.42,235.67,-51.09,3.76,20.06,-86.35,-56.23,47.36,85.49,53.35,-158.80,123.56,62.63,-119.26,146.71,20.80,169.99,7.62,55.92,-19.19,-59.27,43.70,-89.88,-7.22,-2.56,48.57,29.38,27.67,37.37,1.44,34.19,-54.71,-33.04,-9.33,-13.18,-38.10,-11.68,48.01,15.09,-3.74,62.91,-27.93,4.43
-550.76,-644.89,518.75,106.68,390.39,148.27,-11.96,20.84,-9.56,104.65,-5.92,86.60,-51.65,-50.70,23.63,78.36,-68.37,-93.91,51.35,35.56,-20.01,-15.97,-73.78,47.46,123.52,-2.41,-100.34,6.20,-81.98,7.26,-7.81,-68.80,-7.84,60.77,-72.08,16.95,10.74,-19.20,12.59,67.35,-39.35,-54.17,-20.49,-0.55,11.66,21.14,48.69,76.17,-3.58,-45.96,-20.41
-487.06,-314.41,405.37,107.34,377.32,228.54,-70.36,-330.84,-21.21,-52.61,-32.82,-17.84,-82.25,-91.50,-39.85,83.19,18.34,52.34,131.63,-2.70,40.95,-160.66,29.48,-121.55,49.07,99.93,151.51,-32.88,-61.65,18.31,32.59,69.75,54.08,-12.96,119.44,6.88,1.38,52.03,14.91,-24.06,38.27,-1.79,-33.34,12.36,19.13,-20.29,74.36,-83.05,120.16,3.89,45.15
-106.73,-56.97,158.09,17.72,513.09,288.51,-75.76,-288.02,-65.78,108.07,-2.60,65.11,-25.10,-89.60,-19.96,0.67,-97.18,80.93,-17.87,-128.32,98.68,30.66,-110.91,-133.04,112.83,25.59,-84.72,-12.33,59.11,-37.20,42.63,-99.51,100.28,-7.30,-64.97,-24.07,-28.95,-39.09,-70.72,35.97,-62.01,33.04,-30.05,-44.85,-1.69,54.73,-112.45,31.14,-86.21,42.97,29.76
-261.78,-571.15,469.81,-12.65,411.24,209.38,-169.57,204.05,-20.70,10.08,-8.43,-9.25,-83.83,-1.17,57.39,-115.96,-109.88,-82.95,28.57,22.72,35.89,-72.22,0.18,167.77,49.00,-66.60,-85.19,109.28,3.66,-7.11,-7.42,-42.32,-43.19,-13.62,-102.12,-15.17,-44.10,30.55,15.19,97.20,-72.54,-24.62,20.45,-37.67,6.53,-4.25,16.69,46.44,-39.52,-4.71,8.98
931.54,-556.99,-877.08,-11.45,572.08,364.67,44.06,618.59,416.09,105.25,-141.62,-135.12,94.04,-149.16,-135.04,-166.70,-12.13,-14.42,43.63,-35.46,-164.79,147.45,80.40,154.35,-8.02,-120.03,-178.31,-70.45,-70.88,105.57,-45.44,89.74,49.63,-43.74,-26.03,-55.89,50.08,16.28,15.23,-42.86,-20.02,-53.77,-32.14,14.23,-21.51,136.05,55.80,88.88,-27.84,-58.51,121.64
-412.56,-1058.10,474.50,-60.70,463.73,124.79,46.57,583.17,147.37,48.79,52.30,-178.99,-54.41,80.70,86.90,-32.47,-27.46,-216.94,195.85,115.02,-82.67,43.48,33.45,361.71,158.42,-156.96,-239.42,9.86,-71.22,10.65,46.45,-43.89,-105.48,-4.21,-171.21,-24.89,-56.98,-20.23,-71.64,19.43,-103.06,-71.34,54.76,-71.44,50.54,118.89,27.26,190.24,-90.41,-125.03,21.43
-335.20,-478.54,461.93,13.21,341.71,241.54,61.56,-45.83,41.01,-36.87,-64.57,43.16,33.54,-78.43,-5.82,53.52,21.41,120.23,35.29,35.34,9.28,-78.48,-11.86,20.06,113.49,-19.55,-19.89,11.01,-26.65,23.70,12.22,-18.63,1.61,77.94,17.20,-11.75,12.41,14.85,10.47,24.87,-0.25,-37.46,-28.40,-27.43,11.77,36.67,92.20,109.78,51.89,-113.76,44.99
-205.78,-177.43,51.27,-40.60,450.11,179.69,-264.20,-7.06,68.58,100.69,0.49,-13.01,-82.29,21.49,-43.71,-116.08,-8.88,-127.42,111.07,-49.16,38.91,53.30,4.84,-11.98,-2.16,4.47,-44.94,-20.31,24.94,-0.83,-10.11,31.64,43.80,-42.52,27.36,2.90,-6.21,37.41,-54.81,-33.76,27.36,66.82,62.98,-3.41,15.92,-37.15,-51.18,4.95,-83.29,58.01,-86.60
-105.27,-1154.01,515.34,188.63,282.61,226.67,45.96,794.48,178.11,-233.00,-142.06,-218.27,-25.22,190.31,-33.06,-54.00,-42.99,-142.04,140.13,6.02,-148.16,39.52,149.14,324.59,-58.37,-102.69,-86.60,-15.50,-0.78,-6.75,22.04,-29.90,-117.76,62.48,25.29,12.52,-13.38,-2.34,28.58,84.37,-67.94,-70.18,-14.68,50.18,44.19,123.49,-24.78,54.74,-45.12,-163.53,-13.05
215.48,-659.55,-122.79,26.25,590.12,358.19,207.73,523.80,109.34,116.66,-131.83,26.29,54.92,-104.67,-125.69,-39.99,-13.37,-10.30,23.95,74.66,-102.30,98.45,-5.91,128.88,-11.23,-94.64,-96.22,37.56,-38.36,138.10,-55.98,-19.78,-56.25,88.77,-102.13,40.01,41.90,16.06,-4.67,58.14,-68.61,-8.85,28.00,68.11,33.27,83.63,-24.02,124.39,-27.72,-83.93,81.89
-307.10,-555.86,276.01,134.13,471.64,171.31,-157.24,279.36,4.93,-6.24,-69.87,-100.06,-114.71,59.09,6.86,-46.13,-41.47,-208.09,144.89,18.12,-36.06,-12.35,16.71,179.20,-24.13,-9.35,-74.48,6.68,30.90,31.04,6.13,15.50,-61.96,-27.09,-16.52,-19.81,-29.96,42.58,51.08,-6.45,32.40,-83.60,58.73,-25.44,39.47,20.37,15.47,13.78,-35.73,-21.99,-14.62
-79.94,-767.94,288.20,19.51,546.65,204.04,-9.02,454.91,59.80,134.48,-28.13,56.32,-36.49,-49.86,-50.73,-56.88,-34.38,-147.12,88.15,99.10,-8.07,81.16,-0.68,151.05,46.33,-113.77,-39.06,18.76,-57.84,67.40,-16.65,-20.21,-69.78,0.43,-164.37,45.53,-10.35,-6.53,97.41,154.24,-11.26,-23.81,68.28,20.55,20.03,46.77,70.92,165.83,-14.12,-30.79,-15.32
-535.84,-372.22,483.10,-26.06,324.26,189.49,-147.44,-226.82,-86.38,46.70,34.79,149.52,-38.51,-29.97,81.93,64.87,-112.64,-17.87,-33.34,-2.81,90.18,3.79,-96.59,17.93,118.52,2.13,-97.49,30.07,9.17,-118.65,-30.79,-147.38,-36.98,13.31,-158.74,-33.33,-20.37,-53.23,-0.78,50.94,-18.24,-56.51,8.51,-18.32,-1.68,64.77,10.92,64.49,-66.74,-40.60,-70.53
49.11,-286.65,3.98,95.22,387.94,318.80,-81.92,374.29,16.35,-142.34,-174.47,-114.38,63.52,134.23,27.03,-2.79,58.90,71.78,-214.01,-31.07,-32.98,-2.62,-127.69,44.37,-248.83,-87.70,-180.19,31.63,223.58,-0.04,-70.01,85.77,-67.96,-39.52,29.77,-143.18,81.86,55.57,46.00,44.61,35.43,22.15,29.79,56.52,74.21,-9.47,-1.74,50.03,48.85,-53.22,-34.46
-448.75,-565.68,264.04,-107.16,448.87,82.01,-76.01,26.06,198.32,53.77,89.98,-91.36,-106.99,-0.44,16.45,-59.93,-53.63,-120.46,159.55,57.48,-30.10,13.35,114.13,173.64,94.34,-66.84,-24.68,51.58,-82.95,86.51,93.39,3.44,-45.61,5.02,-44.13,-20.13,-12.60,-16.00,-72.45,41.20,-45.02,19.32,-51.83,-84.96,-16.43,-24.20,50.05,59.30,-11.78,-86.27,10.28
-356.00,-878.66,442.75,-99.77,362.88,64.78,-60.41,448.52,146.18,-15.41,131.12,-198.53,-35.24,36.99,-34.01,-102.32,-70.19,-191.74,309.64,114.60,-26.32,26.92,158.54,239.64,69.17,-148.41,-46.91,51.63,-30.37,51.04,43.65,-23.40,2.10,-22.95,-76.47,45.06,-75.24,-34.50,-66.19,111.61,-75.97,-9.57,-17.10,8.91,39.50,29.18,-35.46,43.26,-48.04,-63.61,-59.27
-250.57,-1086.89,822.98,103.05,191.86,258.18,8.08,472.37,-80.28,14.41,-128.77,137.50,-55.14,36.15,-5.70,27.78,-121.17,-230.41,68.16,79.02,-80.63,101.26,-34.88,196.38,-29.86,-87.73,-68.14,-81.69,-134.47,-46.89,-71.46,-100.50,-67.08,43.67,-149.88,43.98,-55.35,28.87,71.06,153.33,-11.48,-60.51,93.38,20.17,51.40,67.59,20.19,103.57,-74.72,-19.14,-1.88
-166.59,-550.36,111.03,-11.46,419.46,78.84,-270.04,267.67,31.84,1.88,96.83,-194.86,-126.59,132.16,0.82,-226.37,-153.59,-277.59,317.91,-48.61,-77.07,-23.78,190.49,240.63,-62.40,-50.82,-54.92,18.15,-75.19,68.50,90.12,49.03,-43.90,-73.94,5.86,42.20,-87.63,5.52,3.01,37.46,-62.86,-22.11,-50.68,-84.67,0.55,-33.53,9.20,-11.14,9.59,-25.18,-36.66
-120.82,-67.95,-107.93,101.83,397.58,331.42,-179.15,-212.58,61.81,-4.48,-168.06,19.06,-41.65,-29.52,-8.30,-66.91,-2.18,27.62,22.26,-91.41,18.33,-124.74,8.66,-104.77,21.76,88.91,-3.36,-39.69,19.27,9.25,-75.10,105.66,80.23,-26.14,82.17,30.67,53.19,52.72,6.09,-125.51,102.78,5.79,73.45,54.80,-16.87,-30.61,53.05,-76.66,25.41,31.57,12.85
-9.25,-623.73,343.97,82.56,448.70,365.30,10.25,106.63,157.57,-57.47,-116.49,106.86,32.67,-115.05,-12.28,221.61,88.87,60.45,-163.16,34.64,-69.13,249.79,60.75,51.20,-188.61,-14.09,172.12,66.61,-122.33,90.31,-27.84,23.19,-148.29,56.16,4.51,96.95,-72.24,-105.17,6.49,27.19,-10.02,24.74,-41.42,55.72,-46.88,-42.30,-109.03,-50.11,-61.88,56.54,62.29
-300.58,-1510.83,688.27,-37.82,-425.12,-47.03,671.97,818.63,184.26,-361.29,-177.54,-322.10,5.40,209.66,62.22,30.47,8.62,-295.63,177.90,143.58,-178.33,13.76,-217.92,236.24,42.29,20.91,-24.31,-69.42,-42.36,157.62,99.78,-39.58,-83.71,46.60,36.81,43.15,-15.76,-2.88,49.42,158.31,4.00,-56.12,-12.53,66.33,203.91,67.58,84.41,146.16,-60.17,-53.51,129.94
-388.28,-856.14,-46.09,-444.13,154.88,-155.75,132.26,206.03,18.36,-61.92,60.95,-89.47,19.60,-14.34,25.82,145.92,-33.42,-189.90,5.50,29.99,-113.85,10.88,-67.02,177.07,6.35,-41.61,5.46,-78.63,-1.28,99.98,46.31,13.03,-56.99,67.25,18.64,93.50,17.59,34.99,96.24,4.98,-96.99,-115.17,-52.07,35.02,129.28,103.39,-30.20,56.38,-21.04,-74.38,40.57
269.94,-1010.19,-554.53,-163.53,56.46,137.54,513.85,642.80,329.91,-234.77,-110.94,-328.45,197.65,34.87,35.75,46.46,34.62,-75.69,114.14,80.15,-165.83,75.74,-140.55,94.87,55.55,-109.38,-211.90,-76.49,-33.42,144.93,72.77,24.24,-21.80,92.55,-17.21,-7.32,19.20,-26.58,54.56,31.62,-66.52,2.17,-6.30,87.67,102.56,73.30,16.41,75.78,-44.66,-91.39,120.21
-835.50,-807.42,-84.67,-507.18,-441.76,-225.95,217.92,-164.06,-140.61,-199.10,-74.50,32.63,200.02,92.58,-33.86,6.58,-5.78,-65.49,7.78,25.47,-91.64,-98.03,-33.91,70.02,-59.33,101.52,27.47,85.81,-49.75,48.14,-2.80,-104.24,-76.47,95.80,56.81,21.18,35.92,34.05,126.66,43.59,53.40,-54.97,47.83,67.32,180.63,52.82,-37.75,10.67,-19.89,-84.78,-10.93
-953.21,-1346.49,850.30,-162.23,-667.72,-170.33,601.10,261.31,-49.63,-507.30,-332.62,-111.99,157.27,337.75,237.62,125.03,-81.63,-200.85,144.21,240.00,-105.07,-34.44,-239.06,110.34,-24.23,88.98,20.15,112.33,-64.49,123.28,29.33,-65.45,-121.00,203.85,75.28,92.47,-43.63,-14.60,133.49,132.70,-41.28,-23.48,78.70,156.81,206.16,15.83,-0.60,20.37,33.76,-44.57,21.89
-194.05,-761.25,740.85,-22.43,-80.58,-51.92,235.03,160.08,123.20,-100.72,-371.69,98.80,123.86,170.77,-85.11,126.84,-46.21,-18.80,83.44,24.24,-47.25,215.50,-230.44,-114.62,-87.98,85.03,75.45,15.61,-36.05,20.19,-0.28,-122.49,-36.84,32.98,-40.53,-29.01,56.83,86.31,-48.02,95.04,0.89,-20.50,-44.09,114.10,197.55,24.86,-30.57,-87.97,-78.71,66.19,14.30
-143.99,-305.61,217.98,-220.93,-204.74,40.18,137.86,342.25,167.82,-49.51,56.99,-62.70,98.59,219.69,-17.50,-6.48,63.56,369.19,279.77,-28.28,345.75,78.25,-88.66,15.02,-105.09,-23.22,134.33,-22.08,43.99,75.08,93.77,-125.79,67.26,-82.28,-108.98,108.88,92.93,10.00,23.07,-19.92,71.29,-84.08,0.76,-10.07,-17.65,-53.36,34.63,11.88,-19.48,15.83,-17.02
-678.53,-453.67,228.12,-462.24,-52.44,-365.18,90.24,447.59,-116.59,-342.32,78.88,-59.34,-54.35,-237.56,125.42,296.07,81.31,146.87,176.36,-2.96,25.18,-37.40,17.76,5.54,53.87,74.28,15.98,41.79,-59.55,64.72,-7.79,-55.30,15.11,144.18,51.29,-65.55,54.37,-2.38,54.01,-2.10,-14.64,-24.50,73.51,40.84,105.14,53.47,-10.35,-23.07,50.86,-41.99,66.32
105.16,-99.28,-505.93,-51.58,109.77,-168.08,-316.41,259.17,-223.63,-190.63,60.35,334.24,58.09,-157.02,-28.54,-85.45,-111.40,169.22,-141.97,-98.43,-82.96,241.82,-70.93,74.55,129.36,28.26,-31.35,-205.26,-57.27,46.66,76.58,-90.79,-57.38,-138.74,71.67,62.55,57.40,-7.32,-140.03,15.62,-18.06,82.09,11.04,-27.38,19.73,-24.33,99.12,-53.75,91.14,-14.07,-19.77
-565.63,-472.02,572.69,10.51,-140.21,-451.88,-44.34,393.02,-244.43,-309.23,32.00,172.71,2.13,-178.74,73.05,116.23,-103.05,150.33,92.18,48.22,-63.19,110.03,44.80,22.72,92.29,84.12,123.39,-115.95,-39.68,92.61,142.33,-15.26,-60.81,-33.29,88.73,33.52,-50.41,45.08,21.96,20.50,-109.69,60.97,11.19,13.88,36.02,44.85,39.77,-5.04,93.35,-85.72,-43.54
-747.84,-471.37,394.69,-297.90,-205.48,-322.55,-63.84,333.46,-65.26,-392.16,6.40,-0.65,-101.66,-163.20,22.13,175.72,42.18,56.29,15.40,-106.95,25.63,53.48,-15.02,-33.05,55.43,155.30,45.26,-31.58,15.14,-23.90,65.31,-62.90,-77.59,21.60,38.41,44.07,33.52,32.76,90.09,-20.03,-24.34,-100.79,83.37,27.37,118.30,112.93,-25.64,-71.34,-15.14,-73.33,-29.76
-549.00,-327.31,358.18,-234.54,-143.70,-340.53,-98.44,482.21,-222.74,-417.29,46.68,93.92,-18.70,-97.57,50.30,134.10,-39.27,100.30,96.68,-99.99,11.58,3.42,-9.84,-25.43,12.58,55.11,51.34,-39.10,37.06,-59.85,59.32,-20.69,-67.52,60.17,80.25,-29.07,38.47,-40.77,93.14,-6.32,19.44,-34.43,116.82,69.92,56.35,46.16,-23.94,-37.35,34.05,-34.56,-36.54
-142.93,-329.61,-42.92,-357.80,60.24,-232.57,0.30,589.82,8.44,-216.11,51.73,-188.96,-119.01,-131.23,97.62,126.94,44.58,98.29,205.08,-16.71,34.70,1.43,65.65,50.71,96.83,-30.82,29.69,48.85,-5.14,80.44,13.22,85.90,22.68,66.60,-0.69,-69.92,-20.66,-61.29,21.06,17.10,-50.02,73.16,-21.91,74.74,11.67,75.54,-47.73,12.04,-13.28,-17.98,73.89
-655.60,-571.83,134.41,-326.18,-66.97,-397.32,-58.43,355.60,-78.85,-308.58,65.35,87.13,-44.04,-146.94,-5.74,198.19,20.88,52.73,116.60,3.39,-45.21,-28.45,24.35,-30.70,11.53,11.41,-0.02,-66.15,-21.59,14.32,69.34,-28.43,-117.37,29.11,-3.16,14.87,89.38,41.85,117.60,21.11,-41.07,20.01,95.14,-30.60,93.49,63.31,52.89,-13.42,14.05,-71.05,-33.26
-500.04,-376.66,8.28,-369.09,43.61,-259.61,-3.47,387.46,-163.93,-333.89,147.30,62.84,85.62,-189.42,166.42,253.11,34.09,71.84,114.18,-87.85,-29.33,25.06,9.78,-49.65,121.18,120.34,54.71,32.37,-57.95,29.60,21.07,-9.61,26.08,129.23,-19.40,14.34,42.23,-75.54,85.35,-54.15,-16.46,1.97,58.59,-1.76,56.71,24.37,-34.15,-74.71,27.14,26.12,70.90
-577.05,-312.86,159.92,-289.89,-45.27,-403.59,-22.53,376.73,-130.68,-290.15,122.90,116.68,166.81,-228.97,134.17,213.87,-81.33,162.32,154.04,-35.79,-14.82,-153.15,58.81,-104.57,55.09,70.85,91.01,-115.29,-24.34,-51.23,19.84,-40.95,-130.64,120.94,31.38,-22.14,18.91,41.45,75.34,65.30,-23.25,26.90,121.14,-22.53,72.71,36.47,24.20,-15.16,66.11,-28.28,-32.10
-524.86,-511.25,155.07,-328.13,-63.14,-289.17,-95.85,664.19,-87.81,-398.24,47.03,-31.05,-42.07,-112.74,144.36,148.89,42.93,29.98,184.51,-56.31,-14.88,-54.22,59.41,62.11,20.11,0.26,5.95,24.72,-29.42,-24.13,35.24,-5.04,-45.13,78.06,31.41,-3.44,61.16,-90.52,88.43,11.99,-27.07,-36.82,94.89,29.39,59.83,75.19,-26.91,-6.20,-9.48,-8.46,-18.15
-752.82,-590.75,214.07,-474.08,-67.42,-266.57,70.14,477.03,11.91,-259.71,79.49,-136.09,-42.65,-105.64,37.44,334.55,28.89,20.63,104.89,-26.82,-75.59,-10.85,75.24,84.29,-69.66,48.55,-34.59,6.47,-54.00,82.06,84.06,-39.87,-92.45,72.50,-13.54,41.04,79.16,-28.72,99.44,28.30,-12.51,-5.01,90.34,16.51,112.39,20.99,11.20,-4.64,35.52,-120.59,-19.83
-498.75,-337.67,403.68,-208.78,-88.64,-399.48,23.49,463.21,-235.39,-379.75,6.67,123.49,-46.52,-179.19,49.19,144.60,-11.20,68.44,134.66,-57.45,-12.27,18.65,36.38,-14.78,120.94,85.16,76.13,-47.98,19.77,0.34,55.61,42.70,-52.13,70.12,87.64,-40.25,24.70,-8.10,72.78,97.94,-47.11,20.99,70.88,-0.90,121.32,24.72,-2.22,1.42,14.24,-35.27,-16.94
-164.26,-386.86,-249.66,-315.36,25.51,-230.62,-283.94,626.97,-101.36,-436.60,219.50,86.78,192.54,-138.82,307.39,102.27,57.96,78.16,97.29,-158.41,-78.77,-149.77,40.94,-42.59,86.06,139.33,48.30,26.58,10.07,-156.46,-36.38,93.57,79.96,106.41,0.29,-53.40,-56.49,-12.40,83.05,-26.55,-38.01,-8.58,4.07,-21.98,-20.53,0.58,-71.22,-8.08,-59.08,2.87,18.85
-447.53,-415.26,152.54,-307.89,-105.75,-286.22,-52.72,611.07,-83.75,-351.38,76.30,7.68,-94.35,-112.76,5.48,134.60,94.83,71.75,186.77,-28.13,45.54,-0.68,-12.41,28.28,38.20,61.02,22.43,-48.03,-42.44,33.85,-20.15,32.08,-0.22,60.78,100.63,-26.60,49.66,-17.43,37.39,-51.35,39.41,-3.18,79.14,93.99,88.28,67.98,-85.11,-7.39,-20.25,-59.03,11.54
-724.66,-350.28,558.44,-262.58,-182.81,-280.43,67.73,393.13,-247.36,-312.25,89.68,72.37,-84.73,-99.54,-29.35,118.39,64.56,77.32,164.82,-41.59,54.96,15.77,-19.04,-26.95,128.92,113.33,35.53,-33.65,64.04,-66.51,-40.36,-26.09,0.67,66.78,36.46,-15.10,49.37,-52.48,27.68,16.81,-45.24,-38.86,56.47,88.19,111.65,3.02,-28.62,7.43,-14.54,-31.21,38.12
-501.11,-447.13,285.01,-339.08,-82.54,-288.31,-4.41,526.29,-72.32,-362.53,4.55,-36.69,-114.49,-109.08,63.23,191.80,75.63,-0.50,89.46,-43.39,-1.14,0.64,1.03,78.02,80.06,44.82,-22.97,8.45,-32.42,3.50,55.26,-19.43,-35.91,75.53,15.33,8.34,16.88,-84.29,87.51,6.95,-45.73,-63.00,89.25,2.11,103.98,114.04,6.04,-11.61,6.59,-48.26,-12.79
-211.13,-470.30,-173.21,-65.68,178.49,-258.95,-35.76,493.80,-51.95,-338.43,142.94,67.69,18.66,-231.00,52.81,72.06,10.96,99.23,259.23,46.44,-106.97,34.13,108.14,137.88,213.95,-25.94,21.86,-68.13,-121.60,104.05,130.55,7.77,-58.40,2.80,-31.73,1.97,-48.22,-40.72,-58.66,20.72,-89.71,13.69,-16.63,-73.37,-11.81,49.79,56.22,2.96,102.59,-6.74,39.87
-238.36,-626.04,282.56,-206.62,39.17,-232.75,-16.76,884.74,-0.59,-362.78,48.67,-98.35,-66.82,-37.96,131.25,-10.57,-40.15,17.44,321.74,30.95,-44.10,-54.06,161.43,184.01,113.62,-51.88,33.04,3.96,-56.98,3.97,98.12,105.24,-39.54,45.51,-5.78,26.95,-112.54,-99.04,120.62,104.99,-14.99,-53.01,85.09,37.19,22.38,84.77,52.23,-15.27,-53.89,-63.56,58.08
-291.58,-340.62,20.55,-143.54,27.66,-268.31,-166.75,514.20,-94.62,-345.99,94.75,159.45,8.00,-116.24,40.98,38.32,-70.39,100.88,143.53,-36.02,-53.86,49.57,44.74,57.10,94.96,6.30,2.25,-99.03,-20.35,-24.70,73.14,45.61,-101.23,-17.15,65.21,-41.98,-4.10,-9.53,49.32,19.57,-15.70,12.71,30.73,-36.67,14.62,8.96,52.39,-45.68,33.68,-49.86,-34.42
-546.78,-688.93,208.48,-434.54,-93.84,-297.90,-20.67,866.90,-38.48,-279.95,230.47,-101.57,75.03,-65.18,165.05,274.03,73.89,-35.66,210.19,-50.26,-46.96,-98.97,89.87,131.78,2.92,44.80,-84.09,84.14,-56.91,-59.78,9.72,-74.20,-39.42,76.86,-13.84,-19.36,31.71,-73.87,10.21,64.55,12.03,-11.81,76.91,65.59,112.85,13.61,-29.80,10.98,-25.80,-1.26,51.19
-690.91,-415.76,255.87,-397.62,-140.94,-284.02,0.09,419.54,-142.71,-419.09,65.67,5.28,-61.77,-137.64,58.92,299.06,78.98,66.80,78.05,-59.50,26.08,30.19,-72.61,-33.55,35.71,110.40,24.40,-6.93,0.04,2.82,2.45,-58.18,-57.50,104.32,69.79,-51.80,77.92,-52.01,106.35,-30.11,-27.73,-72.64,103.48,68.77,99.19,78.66,-41.36,-21.34,5.09,-36.62,-1.48
-251.28,-683.51,200.99,-300.25,44.92,-219.24,-103.02,915.97,-34.80,-367.33,49.11,-88.83,9.15,53.86,224.10,27.31,19.88,-67.17,189.03,-14.37,-32.97,-64.59,167.22,224.48,145.47,-46.59,16.56,39.99,-33.56,-43.17,65.86,143.56,43.75,41.46,15.63,29.75,-71.42,-82.35,137.19,76.77,-20.99,-32.02,57.80,32.12,39.81,78.82,13.97,17.87,-60.51,-45.54,34.28
276.90,-406.13,-190.65,704.72,-120.44,-123.09,-35.08,79.36,30.58,94.08,-185.51,73.40,93.40,33.66,41.21,27.15,-22.52,-120.01,98.11,55.51,51.71,-125.17,-73.09,86.24,-96.28,-8.42,68.26,-67.48,9.28,-21.84,-1.92,-69.44,81.21,27.23,7.98,-38.44,111.58,-53.65,-123.16,-13.16,-126.40,-32.38,-50.78,86.21,23.52,88.73,-106.64,-144.39,24.38,-67.83,76.49
184.14,-188.10,-351.85,452.21,-29.79,90.90,329.02,-132.62,-9.75,-97.62,24.94,49.97,20.12,14.99,15.24,-67.19,-22.82,-7.41,89.89,-121.52,-78.71,11.57,98.24,62.13,88.17,21.50,-164.70,-17.85,-54.56,37.02,-10.66,-50.93,-128.22,78.22,-199.15,56.82,54.30,121.93,8.19,-95.13,-7.95,-101.81,96.03,-6.71,41.81,-2.94,-40.22,-44.05,22.88,110.79,79.97
392.77,-200.32,37.12,-44.36,-170.93,139.71,289.69,45.80,67.05,-0.11,177.50,-181.97,2.82,48.20,105.29,30.95,-150.30,18.93,73.71,160.30,223.22,93.96,-73.29,20.36,75.91,51.70,12.66,60.46,42.94,-10.77,-254.66,114.12,-79.01,37.42,39.55,67.81,-86.66,55.20,-167.31,-33.59,-134.12,143.52,-20.81,-91.25,50.94,14.55,34.27,13.21,59.86,-77.27,18.38
-45.86,-484.37,-692.05,-607.31,35.16,-85.37,78.43,-15.80,-38.63,18.13,135.18,-135.31,15.84,55.14,4.58,149.58,16.82,-135.62,-58.18,-40.48,49.47,78.78,-100.98,150.49,-80.66,103.46,-98.14,113.26,-11.68,84.37,-26.55,34.68,-11.75,24.34,-27.59,-8.56,61.30,14.33,14.02,-2.44,77.92,-23.70,20.37,-28.37,102.19,26.10,88.90,42.19,31.71,-65.55,-4.50
52.23,-2.24,-226.35,491.16,-28.45,-240.23,-80.40,-68.38,-171.33,110.22,-17.50,144.71,62.79,-7.64,78.21,45.06,-3.98,-13.49,-3.54,-123.06,98.11,-102.69,-71.68,-29.35,-13.93,36.71,65.78,24.98,79.55,156.38,-40.34,50.77,-123.21,-6.89,-19.28,-18.57,-109.83,54.52,93.84,108.57,82.00,-1.65,11.36,-87.66,19.73,-55.96,61.54,17.46,-26.07,10.34,26.64
-139.49,-220.72,-503.47,-103.53,74.80,-315.31,107.25,-122.44,69.31,51.80,-1.42,51.66,82.30,-3.14,-36.20,1.53,-58.14,-109.43,-72.44,87.78,50.66,147.72,-44.73,127.82,145.33,-7.10,21.80,-86.95,24.76,-3.56,-104.18,117.43,95.08,-65.94,69.87,29.19,3.82,138.93,-51.21,-22.77,76.38,-84.88,33.47,68.19,-82.64,-52.32,-48.44,-10.80,-112.44,12.89,-33.81
64.66,-133.18,-150.96,553.87,-89.43,-58.60,234.80,-67.24,-22.27,32.78,89.69,32.51,-42.64,-34.89,34.42,51.09,10.57,50.35,-0.22,-101.79,-19.67,-6.46,19.38,-31.97,-20.42,21.70,-168.27,56.60,-17.72,43.15,-20.76,-35.27,-74.93,33.68,16.77,5.72,16.11,40.33,127.28,54.42,-39.05,17.02,59.40,17.05,18.80,-86.99,89.93,-18.45,43.13,22.68,-74.48
376.72,-193.16,-56.86,554.23,-116.21,-25.22,132.23,135.22,54.12,44.87,10.33,-142.00,22.90,-7.40,65.91,139.54,31.91,35.09,-45.50,93.12,100.57,70.32,-81.33,-50.93,12.46,48.44,-95.80,-16.82,-97.50,34.67,46.36,117.28,70.22,-51.56,72.68,-59.61,-95.31,64.45,-36.35,-62.35,59.13,25.47,-9.18,14.23,-76.59,13.29,34.44,79.05,-86.54,81.89,66.91
-69.46,-43.62,-295.65,-145.40,162.58,50.60,113.21,-223.38,-167.89,-130.91,304.18,49.40,113.34,123.45,-52.41,-85.99,36.57,-104.09,-21.11,48.89,-3.08,67.90,-11.68,18.61,-87.01,-33.40,53.23,122.01,82.15,52.96,135.38,12.93,28.72,9.63,-4.76,-98.16,35.13,-44.10,13.08,-53.80,-39.15,60.90,-9.13,20.15,-105.66,79.00,51.01,-78.74,66.19,57.94,90.00
-53.71,-285.10,-578.81,-638.60,35.49,11.45,186.11,-18.91,-15.41,-32.17,30.28,-128.14,43.97,77.46,59.90,158.11,141.73,-37.36,5.11,-94.02,61.00,-5.14,-62.80,63.06,-73.32,35.41,-124.29,121.69,43.61,126.40,-2.61,40.44,-27.30,-2.34,-34.28,-63.57,60.34,41.07,-14.40,-13.58,30.56,1.27,-24.51,-5.35,64.49,0.00,49.59,-3.17,104.32,-35.88,-33.07
114.59,-73.30,-331.07,-132.33,140.73,57.56,198.48,-153.15,-153.70,-58.58,352.09,50.92,58.43,48.19,-130.73,-100.53,60.71,-25.89,-29.01,-29.89,-0.56,49.56,12.42,-47.54,-46.05,-24.02,46.95,47.00,79.66,43.83,27.06,15.09,24.64,70.95,-23.94,-52.57,44.88,-5.79,27.93,-21.43,-45.06,92.32,-14.35,-9.36,-13.38,70.46,75.76,27.26,-39.68,-9.56,61.60
-174.54,-202.86,-645.36,-443.74,16.57,-64.86,39.33,43.96,-31.07,-62.17,135.60,-159.02,45.51,87.91,40.14,90.98,60.98,-25.43,24.38,-63.55,127.05,21.09,-70.78,-40.20,-81.96,102.05,-162.40,116.42,34.09,111.39,12.01,-13.54,-58.94,92.89,-44.50,-66.69,10.43,8.32,-7.72,-44.98,34.80,9.91,-28.99,12.65,80.32,-67.61,6.38,-22.02,32.88,-28.34,-7.74
242.30,-115.69,-294.79,453.69,-64.03,-169.09,-82.61,-141.06,-82.16,202.80,-47.68,170.81,53.80,14.60,99.11,38.19,8.76,-68.82,-20.94,-94.85,74.40,-74.19,61.16,119.65,-9.65,-1.39,171.98,7.65,22.98,17.02,-14.89,23.91,46.53,7.15,17.81,-29.23,-12.42,-19.59,11.24,-22.84,-12.66,-28.70,-39.35,-85.12,32.42,5.15,1.93,143.49,10.03,0.50,-47.23
212.38,-50.43,-430.24,530.60,-15.91,-223.82,-170.18,-121.13,-80.84,155.30,-60.57,160.97,36.08,9.42,104.43,45.88,63.74,-12.15,-35.89,-56.51,96.52,-49.10,-6.90,70.18,-82.83,-12.64,86.90,2.74,35.80,67.66,-23.23,-14.41,7.80,-29.80,-4.38,19.80,25.90,-72.53,20.87,19.39,-5.18,7.71,-20.47,-29.66,42.70,36.76,-66.01,1.32,39.87,0.45,-37.92
-233.21,-405.34,-661.91,-602.48,64.33,-86.00,84.18,-20.73,-4.42,-25.88,109.64,-148.01,33.42,-47.03,63.92,214.97,85.52,-92.09,-61.75,8.10,40.00,53.84,-80.56,87.64,-89.99,82.59,-105.12,148.40,-0.11,128.48,-31.36,75.98,-64.91,41.79,-26.16,-55.16,84.24,29.41,-25.13,-21.11,-0.97,-56.86,5.43,-21.99,120.77,25.93,35.29,-3.75,80.71,-78.74,-14.80
132.16,-285.90,-275.78,-3.28,-84.47,60.72,367.77,-157.16,23.98,-107.02,160.21,9.36,62.06,-2.85,-159.11,-73.10,2.58,6.74,25.75,-106.30,-14.94,33.35,126.91,-23.62,32.16,-96.07,68.52,-20.98,11.70,22.57,-80.59,7.97,3.68,151.44,-17.66,73.98,36.89,11.47,64.00,16.19,-22.92,32.24,44.07,72.15,32.83,39.83,24.97,3.85,-114.10,-41.40,-30.43
163.49,-292.25,31.28,617.68,-213.81,2.07,251.38,69.79,103.19,10.35,53.98,-124.42,0.13,6.02,47.13,139.82,33.91,6.16,39.48,19.92,-15.59,40.10,-41.93,-55.14,61.12,49.41,-238.01,27.73,-174.56,-32.59,91.69,-8.91,103.85,-68.47,38.47,6.05,-32.53,-164.25,76.49,51.14,-80.23,67.60,3.87,75.96,-77.79,6.31,36.58,-40.00,5.20,-24.44,-86.86
94.58,-87.05,144.99,113.07,-90.76,82.81,252.52,-119.18,-138.44,-1.67,293.29,-44.03,21.98,-41.96,-49.79,-72.51,2.74,-58.84,-134.47,32.57,46.88,21.84,74.84,-74.26,-25.11,-38.68,102.01,-18.95,85.22,-178.09,42.35,-44.37,-26.82,-187.33,-2.69,-9.89,-138.97,-45.65,44.00,109.81,68.24,11.59,-75.81,-47.76,44.01,-142.09,-32.21,-75.24,-7.96,14.27,-2.56
-447.80,-394.11,-169.02,-444.12,40.15,-146.34,242.14,-215.81,-167.63,-104.65,101.22,-77.76,126.30,97.93,81.90,123.24,-106.48,-253.10,-47.74,59.69,96.19,102.29,-106.17,73.39,-20.34,168.10,-22.56,116.20,54.53,-9.53,116.73,-17.33,9.05,14.84,92.91,-0.96,52.82,-43.98,-5.16,-27.33,72.38,-140.63,56.08,99.82,47.12,-9.20,-55.65,36.06,67.91,-9.99,-92.57
100.01,-394.86,-239.05,350.07,-125.03,144.64,460.20,-72.83,194.10,-190.51,74.78,-23.25,45.29,-95.00,-170.44,-4.75,103.09,62.09,88.46,-34.85,-155.54,-10.20,152.06,-58.12,7.84,-117.18,19.53,-131.12,-2.00,-154.55,-25.29,-22.90,-9.12,-99.31,34.04,-94.36,11.24,4.23,-75.41,-36.69,130.77,-51.02,-29.53,-53.76,-4.29,16.65,-121.71,102.62,87.52,-94.68,-16.10
-441.93,410.61,-21.64,-173.41,-58.90,-28.94,103.50,26.83,129.60,-73.79,-99.67,73.75,18.74,38.22,-135.85,47.89,5.47,-60.91,7.99,-14.75,7.26,119.30,7.63,19.05,-54.57,28.34,-109.42,-109.12,-10.27,118.82,-83.00,42.38,192.53,17.08,-13.98,20.60,28.84,10.26,185.72,42.48,94.21,94.93,-108.04,-175.54,35.31,154.50,-39.16,-116.64,-29.31,-31.15,-67.39
-499.83,528.61,301.92,17.38,-67.80,-38.66,0.38,-53.16,0.69,-174.50,-90.61,26.99,-27.56,-25.35,-82.95,-22.78,45.38,24.46,-13.38,102.06,46.27,89.32,70.18,95.25,-61.43,54.79,-30.48,-23.64,12.61,-17.77,-71.24,7.26,200.73,2.13,-14.84,-82.96,-51.99,-50.09,5.83,64.69,-135.38,-53.96,62.86,-80.34,-9.92,-76.93,4.09,115.00,139.60,174.55,68.18
-446.13,503.35,329.74,7.40,-189.16,79.21,6.52,49.66,198.10,106.85,90.12,106.57,105.63,-27.30,16.19,-7.80,-132.66,-77.23,48.48,-47.12,-30.24,-40.49,40.77,112.07,29.28,50.30,-3.13,-30.92,-23.19,-34.35,-29.82,-48.48,-26.29,17.66,9.96,-66.54,210.19,9.00,13.32,-42.36,0.98,176.40,-163.61,125.37,70.00,-163.87,8.11,108.98,-78.28,67.21,35.02
-377.07,420.30,-249.94,-1.44,-66.80,-246.15,-85.65,125.92,80.40,48.16,-179.93,188.16,-43.40,-55.52,-268.20,39.35,-3.61,47.95,36.39,-82.34,128.90,54.08,121.22,10.44,81.14,-141.34,-118.38,181.27,85.75,-104.06,152.82,178.97,38.58,45.19,22.98,125.46,-112.53,-104.24,-42.81,-4.40,33.21,-6.70,0.96,77.00,185.38,2.08,0.60,13.49,-2.97,-32.18,90.38
-120.56,695.68,104.21,179.14,200.07,-0.78,138.43,-5.83,-108.43,-9.98,-77.15,-210.67,-97.94,56.12,156.45,-15.63,98.11,-2.90,-33.31,-38.11,-37.68,76.44,-68.95,-16.33,72.77,-30.63,166.44,43.00,-91.36,-113.49,120.97,133.66,57.58,-31.34,-86.64,114.29,178.74,109.62,31.50,164.80,-82.75,97.82,158.54,0.83,36.31,-31.97,-66.83,0.95,33.49,-72.13,-3.38
-92.16,505.21,-83.83,254.74,-38.80,66.28,-55.79,153.61,66.19,166.18,16.11,-170.18,-63.93,15.60,-32.89,-106.10,98.44,115.24,-29.45,-86.95,58.24,18.65,80.26,0.89,-36.07,210.96,1.56,51.88,32.22,-120.80,80.67,10.44,-105.01,181.61,42.30,-10.34,7.49,-85.69,-112.81,-84.06,83.88,1.57,-62.33,-31.75,-49.52,21.04,55.83,-57.44,26.53,49.35,-136.30
-275.54,422.27,406.18,-17.18,-222.49,189.47,-106.00,32.33,195.45,24.65,192.94,160.54,176.23,5.20,100.57,-24.63,-18.89,-39.75,-37.68,-23.31,-40.23,-46.02,57.53,-123.70,-121.30,-91.98,-21.71,-54.91,-26.30,12.17,-27.98,22.25,-25.35,-93.85,125.38,140.05,-36.53,66.51,-10.89,67.63,-111.09,-185.49,41.98,62.50,14.45,125.06,64.32,22.43,-36.95,66.19,-11.69
-1340.56,207.12,943.86,-12.67,-314.82,-293.13,220.45,-58.87,-285.75,-216.83,-134.60,-87.67,-147.86,195.65,54.64,152.04,58.77,-80.88,189.03,51.15,-13.44,-82.13,-60.66,-70.57,-41.34,-96.42,99.58,-1.54,-51.55,-45.55,-15.64,-89.41,-107.18,162.39,73.97,2.50,22.79,-58.92,25.69,141.66,-34.97,-3.72,163.21,82.64,89.81,-20.01,72.55,-163.18,-58.65,-26.48,-88.82
-657.27,422.77,317.44,23.07,-218.14,60.07,-9.44,-67.16,122.91,-44.07,17.37,92.01,56.03,15.68,-0.20,-61.45,29.62,-32.70,-34.79,82.44,-69.87,-13.45,33.55,52.06,-71.14,230.88,-1.40,-152.45,61.12,97.65,-17.87,30.26,20.68,3.45,-211.21,-5.50,-149.60,5.02,18.27,-46.57,-18.32,37.62,30.51,108.99,-12.81,-82.83,-72.96,-11.07,52.09,-86.90,-4.68
-173.04,581.44,-446.80,67.09,184.30,82.14,35.64,25.48,-68.63,-64.11,-0.03,-223.42,-75.96,9.36,101.40,-46.00,67.74,-53.06,-86.77,-5.79,-71.41,-27.55,-119.17,-94.96,-27.43,-57.77,74.34,-41.05,-48.64,-42.34,-13.75,96.33,-57.60,-55.91,-103.21,82.26,-6.87,-29.03,-9.93,-41.73,-13.42,-70.48,-89.77,-42.49,-32.96,21.34,4.75,24.31,-55.83,20.74,-20.83
-489.11,502.01,322.53,76.00,-131.22,-27.45,-10.27,-59.93,63.93,-67.09,-22.57,17.38,70.33,3.84,-3.71,-31.19,66.09,-12.54,-64.18,46.35,-16.25,26.60,50.79,108.92,4.24,180.49,-32.64,-43.09,23.75,20.95,32.05,37.99,-69.90,63.66,-87.98,-20.74,-46.22,13.37,-147.70,133.09,96.32,-63.06,33.56,-8.78,-54.70,65.89,73.05,-39.52,-43.99,-112.67,47.03
-202.87,401.25,259.79,237.32,-95.95,43.66,-138.67,-28.93,144.48,139.60,-4.39,129.07,38.45,5.84,13.13,-0.87,98.85,13.21,-87.47,41.06,-111.59,70.22,-22.74,72.69,-78.66,-5.57,31.29,115.94,20.52,-99.58,110.54,-43.91,4.29,-104.11,20.18,-35.44,6.01,50.80,44.39,-298.80,-92.35,-5.42,102.92,-162.79,-33.41,-14.75,45.33,4.22,-95.95,-103.72,14.87
-218.24,580.13,-91.20,169.61,-25.31,-8.20,-26.85,107.24,-25.54,-55.58,-109.22,-227.54,-134.98,-102.38,90.15,-55.60,-51.53,125.51,-33.99,-49.50,51.66,101.51,140.20,108.37,60.68,-39.74,63.22,140.31,36.02,22.05,21.98,-270.11,16.51,55.26,153.01,-83.64,-125.12,237.62,29.00,45.21,13.51,36.66,-8.92,67.41,-28.16,88.60,-97.83,-26.86,9.77,15.80,-0.29
-377.05,626.22,-286.31,10.38,115.35,73.09,56.24,73.38,-168.29,-60.73,25.48,-254.97,-53.72,-71.04,154.59,64.38,-45.02,-46.19,28.99,-20.90,-95.73,-8.38,-58.90,-22.28,13.84,-193.64,63.82,-42.41,-9.37,153.89,-113.12,-161.49,119.68,2.28,-12.78,-1.95,-134.04,-156.40,-9.93,-141.02,40.33,-13.50,65.68,98.08,98.85,-65.55,94.30,-17.48,-13.22,-79.13,5.23
-610.51,411.14,-217.75,-32.24,18.91,-202.25,-65.24,42.64,90.20,-226.62,-191.62,133.86,-74.32,-70.37,-200.63,104.24,-26.81,-40.01,169.25,102.70,120.53,-12.68,-158.46,-65.20,132.34,-154.15,38.47,41.70,25.42,-31.61,-16.67,65.10,-204.03,-85.56,-93.86,-124.21,-34.83,61.69,91.37,-60.74,-109.99,-15.33,-95.65,79.43,-99.93,15.65,7.40,-58.08,43.49,16.51,-72.04
-457.03,384.75,570.43,-14.22,-399.51,181.91,4.45,79.14,-26.66,144.19,200.75,49.52,86.91,77.81,134.95,55.23,-262.53,35.90,36.03,-36.66,-130.53,-80.84,-195.56,51.68,92.67,-161.23,-79.21,126.40,-32.84,42.64,-8.57,55.41,-46.25,-2.16,34.80,2.13,43.84,-43.27,-16.54,1.24,184.82,2.99,20.27,-92.45,-41.18,-5.15,-120.45,-84.92,62.16,31.33,95.16
-453.76,289.06,-627.84,-258.12,142.15,-224.35,-30.63,58.71,-5.60,-123.50,-131.07,40.79,162.90,-50.15,-103.91,133.10,84.26,-254.40,32.00,3.26,57.11,-136.66,-6.45,-180.14,-221.41,5.85,-100.90,139.29,-161.50,-32.96,-59.34,-189.19,-6.10,14.55,-16.34,141.70,29.38,70.95,-124.05,39.20,70.84,82.72,-8.49,-70.23,-92.34,-61.50,12.24,69.08,25.27,-30.54,32.82
-240.30,388.14,507.64,-59.64,-235.78,112.38,-80.51,-33.54,101.85,48.86,170.59,175.95,177.87,-30.39,43.98,9.79,-32.51,-25.45,-0.46,-1.95,-28.05,-64.78,75.25,-108.11,-61.89,-43.34,36.65,-9.67,29.67,12.74,-11.52,2.53,-9.86,-7.55,103.21,14.73,27.69,49.09,-40.85,41.75,-66.96,20.20,-13.84,59.92,25.12,60.13,12.00,-7.01,17.30,-7.36,-106.53
-52.70,568.47,-431.14,77.12,103.88,85.16,33.31,65.62,-13.26,41.64,-0.61,-253.66,-79.26,-22.09,142.22,-134.26,-35.28,-7.19,-83.15,-63.65,-34.03,23.01,-38.73,-29.56,24.05,-0.20,7.17,-84.95,16.54,5.44,19.20,45.57,-0.42,2.63,-61.92,42.52,51.75,-45.39,-17.27,8.45,7.83,-86.89,-199.47,38.00,-10.29,80.71,24.45,74.57,45.30,53.65,31.24
-451.06,-1756.49,353.01,-147.08,-671.92,-196.08,405.17,586.99,58.72,94.09,-308.36,-89.94,-37.65,-7.81,17.92,192.39,-376.00,-352.84,169.45,147.72,4.31,57.48,-122.27,291.21,177.39,-41.25,95.11,-63.55,-258.11,26.07,-5.80,5.87,2.89,171.62,-20.13,170.84,-4.63,66.19,13.33,32.44,-77.30,-87.53,-46.88,21.22,215.70,32.09,108.55,36.92,-59.11,-147.85,66.23
-456.85,485.66,-33.66,-50.30,48.08,-54.22,78.07,-34.16,-15.58,-104.75,-118.30,-88.08,-70.33,35.72,-44.90,78.43,13.86,-50.82,110.52,55.10,72.15,74.06,40.36,72.07,40.10,-21.07,64.33,-132.60,-79.28,-40.06,-82.41,-17.10,-148.00,73.33,175.61,-154.62,132.32,-178.63,35.29,83.19,-2.82,-74.41,115.67,-92.85,5.47,-17.11,46.54,-17.05,-101.85,8.09,42.53
247.72,-1174.79,54.26,-72.65,-219.74,-74.29,418.45,483.38,102.39,-77.02,-85.14,-162.00,-64.61,-45.66,-38.49,170.03,-210.88,-264.35,174.42,237.74,-140.94,125.46,-196.05,202.08,145.11,-51.87,66.89,-73.46,-79.16,24.42,85.76,-71.29,13.47,88.11,-52.94,44.86,-23.01,0.65,-44.13,29.45,-92.07,-97.67,-40.09,16.63,87.79,88.83,70.40,79.25,-76.56,-53.38,143.32
459.24,-787.98,-189.39,-235.17,-207.67,-173.40,148.22,164.12,99.31,1.72,29.80,-116.78,-106.66,-140.27,-82.26,27.38,-180.42,-114.03,-4.21,150.00,-10.87,134.95,-105.06,138.62,65.38,42.99,129.39,-79.90,-97.04,64.38,73.13,46.09,29.23,10.33,-67.05,-14.44,1.25,63.28,-20.44,61.45,-64.05,-61.24,-33.01,-117.33,46.53,7.52,23.83,35.82,-24.26,-10.49,42.40
372.80,-939.66,-102.23,-186.84,-308.85,-4.00,303.73,240.71,196.02,-127.93,-134.72,-47.35,-51.48,-124.59,-15.99,46.97,-174.26,-166.68,91.09,190.15,-95.52,5.93,-52.28,240.01,109.26,-45.81,40.11,32.75,-125.63,50.14,27.79,2.05,-37.00,42.80,-14.27,84.34,-52.47,43.82,-16.10,42.10,-75.89,-103.36,-24.05,-12.41,27.47,36.09,68.57,129.54,-25.01,-104.17,75.75
381.68,-718.18,-263.80,-191.52,-48.68,-231.15,123.22,167.58,46.05,-74.61,119.67,-44.17,-42.88,-136.67,-66.05,9.85,-106.23,-169.83,21.29,191.95,-42.71,18.43,-132.35,89.90,175.76,-52.58,-71.25,-28.87,-135.49,69.29,106.49,24.80,85.76,33.96,-10.93,-61.82,52.32,81.48,6.18,36.93,-45.44,-47.87,-50.63,-16.71,38.12,42.62,-26.31,24.11,-46.75,-82.41,79.17
298.94,-1030.04,-294.75,49.07,-57.44,-193.02,268.51,410.76,304.85,27.84,73.66,-44.88,69.49,-28.96,-247.66,91.35,-281.81,-141.38,107.89,179.33,-117.21,273.60,-184.98,176.92,122.77,-18.45,25.60,-39.68,-88.32,104.52,43.07,-36.29,59.85,-7.08,-150.29,144.20,19.95,15.92,-22.10,14.18,-71.56,-104.81,-81.80,80.46,90.19,98.70,-14.29,93.62,-24.76,-67.95,111.02
264.01,-872.84,-223.20,1.90,-72.17,-112.22,255.76,96.21,357.80,-48.19,102.83,-62.45,12.07,-85.81,-39.39,95.61,-156.06,-140.38,33.06,238.47,-26.71,162.38,-200.58,-11.02,80.84,-82.33,15.31,-94.21,-40.45,48.60,127.43,-41.62,95.00,65.47,-119.94,-24.67,-7.52,44.15,-50.32,-33.00,2.89,-57.69,-116.97,103.56,57.57,15.46,-17.88,-95.60,-65.90,5.38,102.73
279.32,-1093.16,-5.01,-245.45,-180.69,-160.61,303.29,478.45,57.24,-0.40,90.90,-112.58,-103.61,-167.52,-37.20,69.64,-143.90,-285.31,201.34,242.44,-3.24,93.92,-182.46,278.80,123.57,41.33,8.46,-61.74,-214.30,125.77,7.68,-1.75,-37.32,6.90,16.49,62.34,-104.92,91.22,-41.44,11.65,-94.78,-173.83,-26.62,6.01,55.78,12.42,104.13,165.74,-36.70,-96.32,73.76
245.38,-1028.92,-95.33,-57.34,-219.67,-55.46,290.37,374.76,209.86,-94.36,-24.20,-54.17,-130.05,-126.95,-56.09,106.75,-177.31,-267.03,221.31,195.68,-97.60,92.72,-182.40,203.88,45.63,-30.91,-4.94,14.77,-134.58,77.30,20.96,-56.78,-2.48,144.94,-60.78,85.99,-52.12,22.07,-31.63,-48.69,9.62,-102.68,-15.78,9.09,30.98,22.22,56.18,100.65,-16.49,-88.00,81.87
376.45,-971.36,-195.93,-200.59,-289.29,-17.20,217.39,242.13,168.45,-196.09,-55.74,-68.33,-66.94,-169.15,13.89,66.39,-87.36,-225.37,101.73,179.02,-93.53,10.04,-51.75,249.92,49.46,16.10,68.65,41.84,-184.71,39.83,-13.74,44.06,27.88,8.14,-37.18,62.85,-23.22,121.08,-4.21,-26.37,-18.30,-40.36,-5.99,-2.20,54.82,8.13,89.05,82.47,-56.66,-87.79,33.03
-738.40,-1537.37,704.76,-240.95,-554.09,-235.83,766.13,317.90,-3.58,-324.68,-244.40,-12.95,-70.78,-0.39,136.10,307.45,-160.71,-287.04,256.53,479.92,-87.21,-24.07,-295.92,222.21,192.32,-14.10,121.63,-4.79,-207.99,66.31,49.52,-91.07,42.24,286.35,-26.48,165.32,-20.58,133.04,-16.82,45.10,-78.52,-104.16,41.54,80.97,142.19,82.26,68.08,69.77,-37.03,-107.27,29.36
268.91,-908.71,-125.13,-210.70,-407.15,-15.20,223.44,284.05,104.91,-106.25,-264.25,-10.33,-36.57,-8.31,57.29,72.84,-249.39,-142.00,40.97,82.78,-20.28,125.73,-143.90,35.34,57.49,28.39,11.46,-46.08,-39.63,62.39,69.30,-45.85,34.73,67.54,-44.71,94.30,36.17,3.72,-36.41,-13.49,-74.84,-30.67,17.16,-22.65,105.14,83.28,62.01,-76.61,-31.76,-9.59,112.86
1616.94,-821.95,-1334.73,-193.28,-95.27,224.81,-0.11,205.82,238.01,132.47,-156.88,-30.38,-90.25,-183.32,-178.34,-226.84,-346.74,-146.03,-72.81,-167.31,-132.77,219.10,50.23,235.22,-64.75,-77.21,48.96,-54.80,-191.86,-21.11,-36.59,81.06,103.39,29.58,-60.02,42.12,41.34,87.95,85.01,-19.28,-107.35,-113.66,-146.75,-56.58,-12.32,26.69,41.30,127.40,5.98,-116.30,145.55
2125.42,-517.09,-1381.24,-120.89,231.73,444.63,20.55,616.81,392.41,314.40,-130.92,-63.83,36.49,-147.22,-269.74,-448.10,-153.08,-130.85,99.19,-134.54,-229.09,269.38,23.16,296.05,24.04,-125.74,-108.46,-1.04,-168.27,58.10,-9.93,147.36,135.82,52.99,-57.35,-2.38,36.10,38.59,-11.29,-26.46,-77.66,-93.88,-124.97,-75.13,-52.45,40.35,102.45,90.85,-94.73,-78.89,148.72
629.50,-830.76,263.96,-81.07,-286.49,-15.12,100.72,524.31,-15.12,-17.62,-62.51,17.51,-64.32,60.01,-64.07,60.88,-198.32,-331.16,173.79,168.41,-57.98,178.31,-182.09,159.82,-48.26,23.25,55.16,-108.60,-59.46,-26.52,52.38,-67.77,-0.03,35.14,-61.69,87.42,-78.69,91.59,20.67,69.99,23.01,-85.15,4.67,45.47,62.12,-0.28,74.60,22.06,-60.29,9.73,19.72
1084.15,-1040.30,-149.16,-129.00,-190.53,-21.19,342.14,289.87,311.60,173.34,-160.16,-73.72,-63.13,-201.37,-160.04,9.51,-297.72,-222.24,68.11,105.97,-111.87,268.93,-163.12,183.86,97.92,-20.94,96.89,-8.16,-153.09,38.95,31.75,-44.13,-6.65,123.03,-81.40,40.69,-19.75,44.54,20.67,107.90,-134.69,-138.80,-78.45,-69.59,28.00,3.03,125.58,68.94,-11.88,-104.67,116.94
1323.71,-871.89,-1776.21,-326.48,80.44,204.12,-137.68,364.56,512.10,275.00,-79.91,-70.45,26.35,-220.06,-143.48,-291.88,-239.00,-143.00,-58.51,-92.72,-205.22,207.64,9.86,283.63,29.07,-193.62,-96.96,-1.49,-225.22,76.09,84.88,113.45,92.66,-43.74,-30.78,17.09,58.57,120.12,109.55,-38.25,-53.45,-164.19,-116.69,-71.10,26.12,2.92,103.39,67.11,-138.00,-49.75,169.41
-429.60,-1311.62,719.36,-130.87,-724.76,-316.45,359.68,95.01,-14.10,-10.18,9.10,84.92,-76.11,4.47,-5.25,256.56,-348.34,-400.22,-8.27,159.65,10.70,250.04,-313.52,-54.89,113.41,84.92,124.58,-31.68,-60.86,-64.27,37.64,-182.65,-42.41,94.54,-99.25,69.57,10.70,126.47,-7.95,49.24,-40.74,-136.49,-80.06,111.43,149.41,-42.62,17.97,-37.06,-41.81,23.62,58.45
-118.61,-828.85,-315.33,-366.86,-322.11,-196.03,-34.53,98.46,-29.46,-150.00,-67.44,-20.45,-209.49,42.12,32.74,100.66,-173.27,-321.77,-22.32,191.90,-70.01,115.23,-247.89,114.39,105.77,47.16,-66.68,-23.67,-139.08,-27.66,49.19,-42.86,82.33,-20.35,29.85,43.53,42.46,63.84,0.59,4.51,-25.80,-17.74,-60.51,60.26,67.61,-34.56,6.34,-28.46,-52.57,-29.04,40.71
-38.67,-815.97,27.42,-194.92,-100.37,-241.96,146.13,59.74,173.48,-35.73,75.88,65.36,104.50,-266.85,179.41,242.31,-120.64,-164.12,79.92,285.28,-77.81,41.16,-153.26,62.03,62.44,47.12,-0.22,15.85,-113.76,108.84,56.29,-129.18,-69.12,161.84,-31.37,80.72,2.82,67.04,-112.59,47.44,-54.02,-55.59,-1.83,-10.14,183.87,-89.47,1.10,-40.28,7.53,58.38,34.31
280.98,-1128.49,60.96,-39.89,-354.38,38.30,340.12,503.45,258.06,-188.13,-319.54,-53.63,-32.67,-22.23,93.62,85.93,-209.99,-160.52,99.94,255.40,-127.83,77.05,-56.64,178.33,114.31,-120.19,94.20,-29.71,-79.29,78.21,128.88,71.21,67.30,60.68,-64.31,117.29,23.28,-49.80,-35.41,93.31,-131.79,0.32,-43.06,-10.11,159.14,100.84,-6.40,27.14,20.61,5.83,61.45
1468.44,-869.74,-1532.92,-288.09,-66.65,245.46,-76.64,219.94,492.99,243.16,-216.07,-88.62,-21.51,-33.54,-192.90,-274.43,-350.35,-259.34,-32.35,-127.59,-158.23,310.11,-66.38,179.92,-85.24,-68.21,-6.56,-27.49,-160.82,16.83,-8.26,136.08,123.38,-18.73,-74.84,87.68,71.95,60.14,114.62,25.58,-0.01,-109.30,-101.52,-59.15,11.54,21.05,69.72,89.30,-75.15,-9.90,46.47
-207.63,-1085.54,605.74,-228.02,-487.70,-273.49,402.03,262.82,-5.60,-99.17,-32.07,-1.42,74.57,-116.07,144.78,285.51,-199.52,-222.17,119.07,318.52,-47.60,12.63,-242.84,39.71,89.86,51.54,52.77,78.26,-49.01,50.74,59.92,-135.11,-23.67,239.81,-76.10,57.83,-85.15,67.52,-18.28,65.23,-42.60,-83.02,41.30,80.72,104.34,-39.10,58.09,69.67,13.21,-44.54,26.56
723.87,-856.21,266.95,-187.57,-459.95,125.06,198.41,385.92,-81.82,-12.74,-218.61,45.19,-95.22,24.30,2.63,-30.58,-329.16,-296.70,69.13,37.77,-55.80,140.71,-112.24,176.01,42.89,9.53,132.53,-68.46,-113.11,-80.22,-34.45,-4.86,19.29,11.27,12.42,125.02,-105.56,23.14,84.04,113.76,-101.78,-71.99,-2.33,14.11,86.77,113.97,88.37,72.27,-26.01,-50.90,80.02
398.95,-1247.52,-120.28,-70.51,-349.64,21.01,346.81,576.14,137.79,-136.93,-207.13,-139.76,-33.46,-41.67,-5.51,92.25,-188.91,-314.31,170.54,205.71,-154.56,88.08,-142.64,149.85,-35.68,-58.82,17.44,-91.37,-146.10,-0.77,-22.24,-61.50,-53.84,105.64,21.46,115.00,-60.30,-12.71,-42.65,68.31,-86.67,-27.95,8.33,-5.24,134.62,70.29,99.00,141.61,-36.68,-36.73,68.21
-558.24,-1545.64,225.78,-311.53,-644.06,-353.69,323.95,155.45,111.74,-28.37,-138.61,-72.19,-209.12,-152.73,51.34,210.18,-365.08,-309.84,69.66,198.64,19.86,186.74,-287.51,31.55,59.37,78.46,85.67,-32.20,-95.23,32.48,12.54,-67.04,-43.86,142.31,-64.70,137.84,10.74,196.93,12.11,38.46,-62.92,-149.34,10.74,92.78,217.29,-30.10,65.35,40.19,-24.97,-30.36,50.24
372.48,-719.73,-33.42,-334.69,67.64,-195.87,9.75,72.98,79.77,6.86,-181.88,-22.86,93.56,120.31,-34.76,-55.96,-44.65,-48.16,-3.75,-3.21,-136.20,2.30,53.53,161.61,40.19,26.36,82.00,53.95,-148.85,-52.49,12.41,-27.04,24.24,50.29,48.14,141.02,84.30,79.43,147.63,49.35,56.01,-72.36,-21.09,-16.27,94.33,43.31,105.26,39.29,-47.26,-95.40,29.96
39.17,-770.27,-139.36,-137.10,-135.12,-26.58,-136.81,278.17,-302.68,-269.62,-233.64,-75.03,59.95,271.32,59.47,-27.57,-215.88,-213.04,-107.01,-62.09,-87.01,12.72,16.85,113.65,-247.08,92.26,102.86,-32.14,-0.25,-104.42,-23.74,-90.18,-122.65,8.87,78.05,31.54,-27.21,77.52,121.80,25.44,98.81,-9.84,36.47,55.71,101.63,22.94,20.78,142.33,30.03,-69.47,-23.88
-612.42,-655.59,459.92,-193.63,-193.50,-307.08,-30.89,-195.09,-205.93,-307.65,-8.55,109.75,-102.01,108.79,196.04,121.18,-127.19,-95.49,0.62,26.64,88.08,-54.70,34.79,-5.89,-22.42,24.30,152.25,41.49,-71.15,-60.29,-7.29,-146.14,-74.04,122.11,121.68,96.63,20.86,52.76,69.02,45.66,39.31,-76.74,75.63,70.96,180.03,-18.39,-34.27,55.63,14.47,-28.31,-67.58
446.35,-1234.98,-789.91,-102.28,91.29,105.68,-129.10,569.33,337.74,-84.55,-127.08,-57.98,20.21,130.73,-63.83,-73.58,11.28,-172.94,-168.92,-78.18,-225.30,13.09,74.49,283.66,-63.66,-107.52,-65.52,35.41,-195.89,30.13,56.41,-5.79,-17.59,15.38,1.22,94.78,56.72,-9.84,76.15,33.11,81.17,-57.94,-74.42,-9.63,65.04,74.44,58.22,110.56,18.83,-88.56,65.31
1734.29,-453.84,-1423.22,-85.51,443.92,306.01,-9.09,551.76,457.98,165.92,-260.49,-62.39,84.25,-92.03,-175.58,-429.19,-127.94,-31.40,18.87,-151.70,-179.47,194.11,115.27,181.69,2.74,-171.86,-162.17,33.09,-77.59,62.06,-56.07,126.57,162.55,52.88,5.78,54.19,81.51,-46.91,34.27,-36.72,-42.50,-26.28,-57.70,5.28,-26.56,120.65,74.20,26.91,-38.67,-130.92,127.87
858.93,-1120.17,-374.86,-61.62,189.24,-129.97,-156.56,165.67,298.51,134.95,-140.98,-29.05,12.46,88.05,-66.03,-282.37,-265.54,-239.62,5.59,-44.72,-153.27,353.06,-15.89,243.86,-79.86,-95.91,-51.66,-23.55,-166.68,-62.64,-59.43,-40.99,24.74,-31.61,-71.04,143.68,88.70,137.67,87.62,42.84,-115.59,-147.43,-78.25,35.90,103.04,67.07,64.20,-8.02,-81.39,-76.72,65.11
1030.11,-690.41,-512.78,-92.40,195.67,17.55,-8.83,214.03,157.13,51.81,-65.24,-10.24,-7.58,-108.74,-124.38,-204.85,-100.04,5.28,-112.81,-54.36,-116.90,137.57,-15.22,171.64,32.60,-26.14,-18.48,16.49,-137.82,39.56,-17.52,26.30,67.81,2.44,24.52,73.40,61.22,69.94,50.24,8.84,-75.99,-123.37,-104.11,-13.46,61.29,39.18,90.85,141.95,-23.38,-120.02,117.04
1775.13,-582.63,-1114.55,-182.08,80.59,302.26,-88.51,588.64,175.97,172.32,-306.08,-91.30,144.79,30.51,-16.63,-383.53,-285.10,40.23,13.71,-138.82,-79.64,83.22,229.76,223.52,-93.05,-110.65,-58.04,-13.06,-240.35,-1.98,29.07,122.27,44.18,-53.57,-62.64,93.30,-7.59,-7.04,141.03,-1.17,-0.49,-23.91,-53.24,-146.91,-68.61,28.64,162.69,124.97,0.93,-83.75,116.74
2107.32,-350.28,-1983.63,-206.23,317.66,321.19,-348.77,418.97,407.31,294.57,-64.57,-48.04,-54.97,-172.67,-162.07,-585.03,-148.46,48.18,-48.72,-269.72,-116.72,274.30,217.57,314.57,-89.93,-136.22,-208.76,-5.97,-179.17,27.22,-32.14,175.67,109.15,-85.77,-91.80,17.23,58.17,43.69,102.10,-86.54,-33.78,-85.58,-170.82,-105.12,-59.54,40.16,51.10,76.37,-79.71,-82.21,159.16
-409.76,-617.88,69.58,-304.84,18.02,-114.76,0.53,280.31,-146.07,-142.12,17.63,-205.60,-24.84,82.52,149.07,49.73,62.76,-100.29,56.28,21.75,13.95,-110.25,60.20,111.73,-89.31,-96.50,-14.60,13.92,20.15,29.62,26.92,-28.11,-58.02,54.30,1.89,13.11,-10.23,-18.89,4.64,28.61,-60.21,61.15,36.21,34.34,79.76,19.39,53.13,66.27,49.30,-40.99,17.38
1219.54,-854.38,-636.79,-27.77,441.65,-31.93,3.20,814.53,264.51,312.39,83.61,-49.77,95.77,-147.40,-246.46,-337.99,-108.80,-75.51,122.38,-13.78,-233.39,186.31,48.81,285.12,-4.63,-18.20,-39.19,55.43,-191.64,73.20,-113.67,4.31,-40.13,60.45,4.14,104.81,21.98,58.76,0.89,26.41,-133.40,-193.86,-146.33,10.70,24.29,6.59,133.58,167.12,-20.90,-116.77,117.10
-1130.61,-860.67,807.71,-406.12,-211.38,-257.22,218.62,80.72,-280.28,-170.74,-108.39,-96.13,70.31,196.84,231.67,236.14,98.78,-149.66,125.42,213.29,25.59,-53.72,-155.52,63.36,-5.91,173.25,42.32,130.89,-31.94,32.39,75.52,-90.24,-108.89,194.84,56.56,-36.40,-34.74,19.12,-52.67,45.04,9.92,-90.35,72.58,121.57,206.33,29.03,35.15,2.46,11.47,-7.17,-12.00
-130.28,-545.88,-355.52,-227.81,282.78,-28.80,34.91,136.58,-34.70,-67.11,3.16,-61.21,183.93,79.14,136.68,157.85,85.38,-23.26,-18.74,163.12,-94.45,-25.62,-41.00,99.72,-26.90,31.45,59.64,86.59,-14.31,75.81,89.11,-9.42,-52.06,70.78,-68.65,-70.60,-30.84,12.19,-89.33,-21.19,31.83,-10.29,-25.56,-2.18,75.08,29.07,36.08,19.70,17.30,12.29,37.73
841.59,-1358.91,-1514.85,-443.61,231.78,200.89,-77.94,627.46,579.80,108.60,-101.33,-80.64,19.32,34.28,-26.79,-311.13,80.11,1.25,-238.31,-164.84,-123.59,267.84,-10.27,414.30,-45.62,-202.29,-204.44,-34.69,-167.60,67.94,44.70,39.07,33.05,31.83,-172.59,50.18,117.37,85.17,150.02,24.82,-11.34,-161.16,-63.07,-9.87,74.50,46.05,161.17,195.26,-26.19,-95.34,147.28
-1173.40,-1063.00,804.29,-155.46,-341.77,-427.31,185.46,160.99,-161.74,-244.45,-156.30,38.84,-133.11,87.94,234.82,113.86,-26.74,-12.97,142.34,180.09,48.49,-93.11,-5.25,-2.20,-14.44,116.86,101.75,50.03,-79.03,-10.75,-78.12,-136.73,-164.90,90.00,137.76,83.09,-34.52,-8.48,-53.29,28.38,-92.12,32.61,55.11,101.38,92.56,-7.31,85.79,68.21,95.84,-123.26,2.28
36.41,-359.83,-458.16,-257.87,194.05,-89.20,-51.75,-22.76,-28.14,-15.73,-19.47,-81.77,69.61,13.21,104.33,83.75,-131.96,-39.83,33.92,15.57,-32.13,-9.75,87.35,32.51,-122.33,-32.18,111.20,-0.88,-6.15,66.59,102.16,80.99,25.02,-7.56,112.41,14.73,-6.22,37.65,20.84,3.40,26.12,46.72,-51.04,-8.55,41.65,25.83,64.04,13.85,2.58,18.54,12.37
34.69,-721.29,494.64,-200.97,-188.43,-116.89,50.70,143.94,116.98,-272.79,-287.25,-85.52,27.37,157.87,-2.38,-157.40,98.28,16.39,-50.63,-55.32,55.95,-142.24,46.45,185.70,83.14,61.63,90.48,63.54,-168.44,-47.37,19.31,-77.44,15.06,15.67,69.93,127.95,57.44,9.51,161.98,86.98,46.73,-94.45,-22.51,55.90,58.50,-26.88,61.60,-44.00,-79.59,-49.27,6.32
829.07,-777.95,-1386.48,-228.81,101.84,183.99,-336.54,14.49,421.35,7.84,-106.85,-10.40,-46.64,-39.78,-98.05,-170.88,-98.00,-80.22,-225.91,-234.37,-108.07,157.06,36.19,156.66,0.20,-89.20,-88.09,2.19,-131.36,21.26,8.09,54.07,107.31,-61.15,29.99,39.93,49.17,31.33,80.17,14.79,75.43,-93.93,-100.01,28.42,2.27,-3.04,6.75,47.48,-44.93,-89.82,29.84
-843.96,-521.90,487.68,-442.00,22.07,-324.71,268.68,-56.70,-126.44,-69.01,-186.05,-76.36,73.05,117.32,187.81,227.40,121.09,6.00,16.85,143.16,78.37,-67.66,-118.27,-21.70,100.29,213.85,106.12,101.54,7.74,50.95,30.32,-57.73,-47.70,107.54,72.84,4.36,32.20,40.93,-110.32,-4.04,60.20,-46.46,46.68,98.21,146.63,15.86,35.97,-26.42,-10.58,26.91,15.18
134.50,-215.37,-383.12,-357.63,-149.84,95.66,96.73,36.93,87.60,-84.67,-186.06,-98.69,21.84,-5.07,-47.74,-88.31,-195.79,69.82,-92.47,68.49,20.61,-84.94,21.87,-10.28,-24.97,-2.35,-48.55,-49.45,45.05,80.70,14.24,16.38,49.61,-20.34,52.52,39.31,2.55,-42.31,-6.02,-47.78,-63.37,14.92,80.22,-20.59,47.18,-28.95,-54.93,-11.75,-27.33,-12.74,24.11
-69.94,-664.19,-396.04,-282.68,-2.49,-14.34,220.92,392.41,80.25,51.76,-94.83,-103.18,-7.95,-13.90,-47.57,-107.18,-209.61,-165.19,45.94,40.30,-87.34,-38.77,-59.96,111.03,15.40,7.04,-137.83,-42.74,-16.27,112.39,2.03,-51.98,-4.84,66.12,31.94,38.44,15.97,-3.15,17.66,8.75,-123.28,-132.60,-5.32,27.73,55.85,8.96,-10.39,90.37,-32.66,-135.39,90.88
24.80,-439.77,198.58,-15.05,-246.66,48.77,271.03,264.83,35.49,-18.09,-239.21,-13.06,59.35,-34.74,-167.35,45.10,-147.27,-118.69,-3.25,104.86,-264.28,-37.36,-168.80,-71.54,95.79,50.12,208.36,-8.73,-18.51,118.74,204.67,-7.26,-3.46,84.13,-12.55,-13.13,-58.83,40.70,-12.90,2.40,24.12,53.72,24.83,-39.49,75.92,57.35,31.88,102.78,-6.13,64.81,-76.03
345.66,-706.72,-311.15,-356.45,179.15,94.72,43.06,542.64,164.97,119.95,-60.07,-154.02,-50.92,-93.78,-85.55,-54.98,-138.88,-149.99,142.82,100.65,-154.27,39.31,61.15,199.84,12.48,-94.60,-60.82,-18.55,-33.62,175.62,97.75,39.63,-4.25,26.08,-84.90,73.23,-56.25,22.77,8.69,90.79,-110.69,-61.11,7.02,-55.52,62.83,20.62,23.53,-0.52,-46.73,-10.44,78.26
-279.08,-539.14,425.10,-239.63,-291.79,-22.75,427.60,297.30,-89.80,-56.75,-189.20,-55.47,19.80,-79.92,-13.73,-46.01,-207.45,-26.43,68.33,126.75,-44.65,-135.94,-53.15,32.02,19.82,44.79,12.73,9.25,16.84,94.37,38.96,-82.14,-53.39,58.93,64.47,89.37,-43.81,-54.24,-41.41,95.17,-198.57,-109.45,49.75,12.85,46.21,-2.36,-9.66,97.76,-5.40,-99.37,61.37
298.22,-216.19,-371.10,-272.96,-148.13,82.91,212.38,204.19,94.30,31.78,-174.16,-91.49,10.29,-89.20,-38.24,-126.72,-156.74,84.79,-115.13,46.31,-66.67,-64.24,-37.44,52.26,-23.01,5.46,-103.73,41.33,57.11,74.07,28.65,78.51,-10.93,26.52,33.98,25.91,20.68,-40.84,17.45,-16.53,-119.05,3.59,21.26,-66.50,-14.84,26.41,-5.08,82.50,-43.62,-75.42,32.48
1778.67,-60.70,-1881.52,-287.75,362.69,336.97,-290.15,129.97,444.77,275.83,2.36,-33.36,89.78,-180.94,-197.75,-295.83,-80.42,25.38,-113.35,-250.58,-137.00,301.75,97.95,104.59,-21.88,-93.65,-209.07,52.90,-83.51,44.38,-34.27,126.91,98.74,-64.50,-91.89,-17.63,124.54,34.61,83.89,-36.85,-6.71,1.28,-162.81,-70.93,-61.44,-28.23,45.63,66.92,-52.81,-19.50,58.89
176.10,-506.86,-1.19,-368.79,-40.96,80.02,241.01,363.91,-103.06,-13.67,-209.35,-202.62,18.55,-14.68,-125.77,-97.31,-171.18,-150.21,134.47,109.28,-32.95,-42.09,-43.19,99.56,-72.96,29.86,-56.76,-94.84,-38.91,49.91,25.71,-40.04,-48.82,28.03,47.64,36.72,-51.24,-44.09,-11.69,23.62,-107.83,-71.16,67.80,0.37,96.10,40.46,8.86,-7.85,-61.48,-61.06,22.14
238.67,-699.34,-174.02,-174.50,132.90,76.05,332.33,653.93,118.09,132.29,-35.66,-106.32,93.31,-214.98,-171.50,-42.84,-134.04,-32.49,123.48,207.65,-228.08,-60.29,-75.88,115.52,1.35,-7.45,-19.11,-4.04,-45.96,238.04,52.34,30.98,-27.82,-22.65,-13.10,26.82,-53.27,78.88,-108.15,36.19,-152.62,-65.20,-33.07,-67.05,66.61,63.12,63.59,127.56,-33.63,-88.89,123.96
35.23,-601.17,-51.07,-272.10,-46.72,56.97,384.68,440.02,-1.37,-31.04,-142.79,-172.80,62.84,-114.58,-127.76,-69.07,-161.71,-6.27,82.87,198.01,-94.26,-76.54,-40.10,95.41,6.94,56.72,-21.15,5.62,-4.56,186.01,38.42,-23.59,-46.27,44.98,30.30,31.67,-53.42,-0.27,-80.55,64.68,-160.30,-74.65,-1.65,-37.33,66.04,0.25,24.19,105.11,-0.48,-75.93,90.45
133.36,-519.21,-529.35,-346.17,42.93,59.22,316.62,317.69,129.05,-14.56,-103.22,-213.85,88.83,-172.40,-118.05,-60.47,-123.68,43.45,105.13,118.19,-131.42,-106.06,26.12,104.25,-36.82,-41.85,-61.91,11.08,-26.18,206.18,52.12,8.73,38.07,52.47,52.29,34.59,43.52,-33.43,-79.49,5.54,-130.28,-90.04,12.26,-66.19,81.57,-6.56,-22.84,47.29,-18.96,-95.38,88.65
235.21,-77.37,-299.03,-208.72,-239.15,62.83,52.69,-56.90,36.04,29.72,-197.91,-98.43,2.77,-41.07,-30.06,-200.52,-243.72,43.50,-72.23,-50.88,59.93,-131.67,50.41,-115.49,6.99,87.38,-32.89,-27.32,65.79,87.75,135.54,-0.44,-10.37,-28.98,89.10,-20.43,9.58,-20.27,76.51,81.57,-79.32,-30.79,-26.04,11.65,-145.00,-103.41,-18.62,9.46,-82.43,-130.43,99.33
105.97,-677.56,-198.74,-274.21,158.83,56.82,390.39,458.31,30.52,17.36,-87.43,-115.77,-2.64,-218.11,-171.72,-68.37,-115.78,5.36,115.17,173.38,-173.34,-19.99,-36.66,119.98,88.69,6.79,-25.95,-13.91,-53.04,254.96,80.18,31.00,2.58,52.56,-4.64,35.65,-59.08,28.13,-97.37,43.07,-169.81,-91.95,-28.20,16.64,61.22,18.46,-24.65,127.77,-18.44,-88.96,89.33
277.17,-297.76,-519.86,-370.62,106.89,64.03,151.24,245.58,-18.38,13.56,-82.75,-175.54,35.56,-166.56,-110.52,-59.10,-147.12,-14.83,5.72,89.56,-63.49,-69.86,18.63,26.01,-80.54,-60.22,-34.73,-42.64,39.11,109.37,50.77,-15.11,1.09,17.90,-6.26,-24.84,-21.31,9.56,-11.72,59.31,-100.59,0.29,-4.96,-48.61,117.11,-23.36,-20.96,82.34,-24.68,-38.73,54.02
302.68,-514.53,-455.61,-191.28,-35.60,48.55,368.87,531.68,206.06,151.30,-84.88,-71.39,47.51,-115.87,-170.19,-129.28,-172.19,24.06,114.35,100.89,-191.82,-41.06,-95.28,110.54,37.23,2.39,-78.02,46.95,-18.83,183.25,42.11,32.60,5.37,-12.65,4.08,40.04,41.94,12.54,-70.64,-12.63,-126.41,-35.99,-42.40,-40.86,27.14,31.63,43.20,128.53,-76.65,-120.60,144.37
155.78,-551.33,447.80,-84.57,-180.52,111.80,315.00,382.10,14.47,-22.68,-121.73,-179.89,65.97,-69.90,19.66,14.59,-185.66,-12.78,34.39,122.83,-103.38,-22.85,-36.08,-48.94,44.75,57.35,120.72,-25.56,-2.44,55.13,89.80,-21.78,-47.72,66.93,36.17,71.75,-51.97,8.58,-92.68,12.45,-92.29,121.01,33.02,-39.40,52.47,62.14,34.52,94.03,-29.63,12.03,30.93
256.75,-416.11,-302.44,-279.82,-16.90,88.99,185.17,305.33,119.35,5.07,-74.66,-139.72,16.51,-135.92,-102.37,-80.52,-242.15,-41.79,55.08,84.49,-46.40,-61.48,-55.87,-41.86,24.54,65.47,-40.14,-56.90,10.21,182.60,91.96,14.78,25.86,13.48,-3.23,-15.30,-72.71,57.88,-70.09,15.85,-65.12,-66.74,-0.90,-65.95,44.95,5.18,-31.05,23.43,-25.12,-83.18,91.67
133.79,-480.02,-481.65,-343.72,96.50,68.28,293.49,199.45,106.49,-15.98,-71.56,-120.16,29.36,-202.87,-109.47,-52.90,-97.18,56.59,66.48,105.80,-110.85,-56.84,-5.41,114.49,55.57,-61.76,-58.27,37.91,-62.32,210.06,13.89,-12.26,-2.01,67.85,-15.03,-7.20,18.91,-39.07,-72.84,4.77,-164.77,-101.45,-46.56,-81.85,64.82,38.72,-50.04,102.30,1.32,-88.00,50.40
415.32,-429.67,-452.47,-338.36,171.77,163.52,156.06,471.80,22.21,83.85,-9.00,-123.30,23.03,-107.45,-223.82,-160.26,-115.76,-68.99,17.22,21.37,-57.90,56.09,-91.05,23.67,-45.34,17.10,-87.29,-82.69,57.40,110.94,-8.85,6.84,-18.39,11.18,-21.68,-37.33,-38.68,3.83,-56.23,-36.55,-153.40,-63.73,-18.73,-22.79,80.43,103.92,-49.48,62.41,-43.26,-42.51,80.66
47.55,-164.25,-334.51,-397.67,-282.91,135.21,215.23,-101.66,78.17,-171.14,-285.27,-119.11,57.22,-78.32,12.28,-92.88,-167.14,93.54,-137.75,10.81,23.98,-146.08,41.80,-69.66,-23.64,30.98,-47.75,2.88,98.62,54.40,-4.51,-11.16,-52.43,-11.32,31.55,73.49,15.86,-91.14,-38.04,-69.62,-117.43,4.74,61.37,-120.32,55.71,-23.88,-89.62,-47.31,-11.03,81.01,-59.82
-511.62,-817.90,915.52,113.74,-546.77,122.26,295.98,54.68,201.25,-322.67,-274.25,-135.73,-71.39,295.02,396.89,92.17,-225.61,-184.91,192.50,256.28,149.04,57.39,15.84,-60.28,108.76,33.13,79.07,76.16,36.71,-132.55,35.52,8.47,73.98,60.82,60.51,156.71,16.22,-9.53,4.60,-26.99,-18.85,100.67,90.27,105.00,48.91,-54.87,-91.67,-94.86,-42.85,51.53,20.86
-279.19,-546.17,906.41,11.21,-237.72,-14.81,127.52,478.06,-21.45,-32.78,-17.96,-140.04,-68.49,123.99,274.84,271.11,0.00,-153.40,114.66,111.52,27.76,53.07,-6.92,-82.99,88.05,101.37,165.79,-59.18,-5.15,-103.06,121.04,51.31,62.73,58.03,30.89,19.99,-62.94,57.86,25.94,-21.13,19.31,59.80,41.96,26.96,21.27,95.72,136.24,-9.20,93.65,7.31,93.88
-263.89,-648.85,659.77,8.76,-268.01,-87.67,258.34,271.06,16.22,-250.77,-147.55,-206.62,-86.40,42.38,185.30,61.94,-105.52,-126.59,151.02,21.32,57.94,88.54,98.71,16.08,65.35,108.09,178.71,-64.49,83.69,-17.84,55.13,3.23,18.30,-1.15,-11.68,122.06,-33.68,42.12,-24.77,30.62,-7.88,112.40,-33.75,40.15,5.89,-9.95,21.17,27.37,-23.46,36.13,-20.27
-53.60,-650.95,653.96,90.98,-151.39,-18.16,260.17,455.62,1.40,-149.77,-137.36,-168.90,-110.81,89.10,118.69,7.77,-88.27,-127.04,222.57,102.03,90.86,89.67,80.03,-4.89,-28.78,92.70,87.40,-88.42,59.57,-54.07,33.83,-38.16,13.43,35.59,-20.09,82.04,-5.09,50.87,12.23,-6.57,0.13,79.56,59.77,99.34,73.36,16.26,-10.56,41.35,-39.15,-23.71,23.73
-388.49,-931.99,240.96,-136.44,-152.67,-194.31,205.36,540.08,-179.37,-77.04,-179.73,-83.34,-46.53,5.21,69.50,75.68,44.03,-20.84,142.83,177.48,-146.51,30.92,-86.67,48.65,-26.31,1.81,-67.46,30.59,-180.37,115.84,-13.82,49.06,-147.25,109.66,10.48,-12.05,-54.35,61.00,4.82,3.43,-28.02,-27.49,-16.78,30.92,120.39,83.19,68.41,119.69,-43.13,-44.59,101.80
-395.19,-990.95,347.37,-186.36,146.73,-282.39,341.30,439.00,-83.28,183.81,-45.47,-70.28,50.12,-52.97,67.81,40.36,-154.86,-66.62,208.19,270.50,-180.58,107.93,-113.15,18.75,71.30,23.46,14.92,41.58,-149.07,149.35,-16.29,64.46,-41.83,186.00,3.26,46.81,-32.07,46.06,-38.46,-8.31,-152.02,-104.76,-15.85,20.73,52.14,27.86,62.11,56.44,-52.84,-46.06,92.62
-123.50,-298.06,251.62,-146.96,-191.52,-150.47,122.98,5.61,-446.83,-27.88,-156.01,72.50,-143.62,21.86,85.79,-172.15,45.52,133.66,89.66,100.91,-89.20,84.21,-24.79,-23.44,-121.85,43.61,-118.48,36.07,-81.64,22.39,-19.89,42.30,4.34,-32.76,33.06,2.61,20.03,30.64,-18.48,-39.33,10.19,-34.47,-96.34,41.26,70.05,34.09,9.32,39.24,-90.93,-22.57,50.44
-568.91,-963.11,817.92,-76.85,-412.47,-83.14,132.65,407.40,-255.82,-148.23,-242.06,72.61,-128.84,273.80,59.82,-32.27,108.28,-149.91,89.80,282.19,-7.09,59.01,-173.93,188.04,-15.99,59.75,-61.80,-22.79,-57.92,-48.45,13.58,-38.12,-100.31,35.89,-47.20,-14.99,-93.09,84.19,11.81,67.13,26.69,-89.57,23.09,95.93,135.36,66.33,55.96,50.06,-133.22,-34.03,40.40
-313.59,-523.56,156.28,-194.00,98.20,-184.33,160.21,412.30,-265.71,82.53,-76.85,78.15,116.48,-54.74,87.75,40.47,-1.51,-27.30,288.28,216.41,-146.88,-12.11,-90.11,-58.89,-71.55,45.79,-122.52,78.49,-158.58,195.95,38.81,24.47,-141.21,175.03,-79.77,-40.29,-93.61,55.89,-38.11,-44.23,-78.45,-42.80,40.67,26.94,106.18,70.23,47.05,46.81,-53.38,-15.10,76.60
-351.88,-635.82,248.64,-72.26,-232.55,-117.19,169.00,266.19,-192.42,-94.94,-190.70,-85.33,-142.39,94.64,110.96,-97.35,75.52,72.69,202.26,209.18,-74.58,16.87,-8.18,45.36,-23.50,15.23,-43.91,32.57,-112.07,64.54,4.20,66.80,-52.04,29.24,67.43,24.05,-54.47,35.95,-34.92,-51.22,-23.02,-14.97,-7.01,14.27,11.62,26.75,9.39,77.83,-30.56,-18.91,66.91
-429.70,-753.82,884.43,-48.70,-427.95,-272.04,250.97,145.80,-289.75,-23.44,-174.26,16.24,-101.35,-44.45,81.73,-13.46,-27.40,-31.16,50.61,180.78,-172.30,-50.66,7.27,87.33,-20.03,109.66,70.36,31.34,-161.11,62.92,-10.93,72.28,-131.63,83.12,65.25,5.64,24.68,100.83,-90.57,-19.55,-88.60,-68.07,-55.26,11.24,78.42,41.03,17.48,112.52,20.79,-121.46,28.99
-261.07,-556.28,300.17,-0.16,-201.50,-308.44,15.11,-157.67,-280.85,-103.25,-216.69,79.03,-156.90,86.66,178.60,29.88,29.83,21.61,44.51,231.68,-159.65,174.51,-1.94,70.74,-68.69,-119.06,26.11,-11.23,-137.49,64.89,7.90,50.77,-99.36,74.91,6.91,37.80,-36.81,2.30,32.46,-56.39,23.12,20.00,-25.36,47.25,37.47,12.60,-20.15,63.19,21.79,12.76,-3.47
-354.65,-874.70,405.89,-104.55,-264.30,-249.12,117.31,220.86,-137.03,-80.49,-170.19,-117.42,-100.95,122.62,229.57,-29.51,-22.67,-102.54,157.49,141.14,-165.44,27.55,29.21,68.53,-33.31,-87.08,-7.60,85.38,-187.07,66.03,-9.95,76.45,-55.42,69.50,-38.86,16.96,-16.12,-23.82,19.54,51.73,-107.43,27.51,1.44,36.44,-7.10,59.59,-26.49,43.45,23.38,-27.34,9.57
-712.48,-951.60,655.12,-177.64,-277.71,-324.35,230.30,244.76,-121.76,-73.81,-204.35,-111.63,-166.08,8.42,222.15,59.79,100.38,-53.05,67.08,186.64,-122.98,-0.95,7.22,178.51,73.91,23.84,38.01,-4.66,-139.92,74.64,19.07,115.94,-94.83,9.08,40.17,29.27,-48.43,43.63,-15.38,41.45,-39.93,-2.97,-18.17,34.54,75.39,53.99,36.39,65.26,40.78,-105.71,11.46
-390.02,-236.43,407.74,-33.03,-300.29,-179.22,47.96,-304.14,-492.93,-77.21,-174.23,197.51,-201.70,85.83,119.93,-179.89,55.91,135.62,108.92,131.28,-90.39,34.27,64.55,-78.74,-92.80,-46.76,1.40,48.77,-54.51,-25.89,-53.69,40.73,-14.61,25.37,34.28,16.12,6.08,1.42,-11.99,-25.74,16.50,31.41,-36.69,12.10,-37.97,-18.90,-47.89,19.04,-0.50,-0.74,-64.38
-549.28,-1208.84,763.36,-89.77,-280.01,-250.48,190.38,623.06,-261.62,-146.55,-229.73,-76.14,-52.60,197.01,116.95,51.63,-71.49,-169.41,154.33,234.50,-176.62,57.62,-103.49,60.70,-105.15,56.95,12.54,15.06,-159.89,22.48,-18.94,-2.68,-147.10,132.25,3.46,44.16,-75.66,100.01,16.86,27.89,11.35,-79.01,5.88,66.42,158.26,71.61,65.41,34.94,-45.08,-47.60,87.39
-263.29,-773.91,581.13,-103.19,-217.81,-168.66,90.42,327.77,-387.42,-115.19,-241.08,43.58,-73.52,144.46,94.23,-2.41,-18.19,-123.82,109.15,163.35,-104.73,95.96,-71.43,49.53,-77.29,12.27,5.06,27.28,-105.44,23.39,3.29,9.38,-77.93,14.89,-19.76,30.04,-15.37,98.41,42.02,35.64,25.30,-33.68,13.96,41.22,98.78,22.88,30.90,21.64,-74.79,17.18,59.99
-202.12,-858.14,347.85,-90.54,-84.93,-363.73,266.68,389.96,-195.70,72.87,-107.11,-18.66,-50.00,-61.36,36.78,37.68,-135.99,-26.96,218.89,185.47,-177.48,49.63,-25.08,180.71,27.67,49.56,49.53,0.99,-174.61,107.25,18.36,38.06,-70.22,44.20,9.76,31.94,16.20,54.89,34.69,18.98,-69.40,-85.59,-63.87,0.53,145.89,82.87,12.98,130.89,6.77,-109.00,90.52
113.76,-681.76,455.44,-130.81,-252.96,-93.62,246.33,376.05,-10.32,27.67,-240.59,-64.22,-30.88,-31.90,164.10,28.98,43.91,61.98,17.84,72.29,-24.05,76.86,13.82,40.12,-34.22,31.61,-15.72,37.71,-93.62,89.56,49.14,123.38,-49.16,-21.02,-37.71,56.57,-24.73,45.28,12.18,-63.98,-43.65,-4.33,-85.87,-37.72,20.77,48.72,32.99,78.29,-61.07,-19.32,45.09
1815.63,-338.32,-1271.97,-153.60,81.14,235.07,-345.51,450.08,313.41,256.86,-149.49,-88.31,-33.01,41.63,-193.77,-405.28,-268.01,-118.88,14.03,-250.19,-178.75,242.21,114.06,183.34,-155.14,-49.08,-111.99,-37.26,-131.33,-34.08,-15.93,101.41,59.88,-73.76,-40.01,24.53,7.21,39.94,112.13,-25.21,-15.52,-89.77,-112.44,-14.03,-11.73,22.98,46.84,50.67,-94.10,-63.28,85.22
-232.42,-661.92,240.57,-138.13,-206.61,-162.79,169.82,272.47,-188.34,-57.28,-207.10,-2.04,1.22,87.17,85.29,53.79,41.78,35.27,143.78,184.18,-137.35,17.74,-23.03,41.14,-25.32,-7.31,-1.13,46.92,-130.24,107.14,-8.11,87.50,-122.40,147.79,-5.65,8.50,-25.71,55.62,14.87,-17.86,-4.79,-23.27,5.98,-0.38,56.16,30.37,55.56,70.01,-47.43,-30.11,46.74
-537.05,-882.10,372.94,-169.70,-228.52,-235.04,382.97,130.19,-290.83,-123.20,-251.82,2.88,-86.15,10.26,132.84,73.25,36.81,12.37,32.37,201.78,-139.75,68.39,-5.63,1.10,46.45,-40.75,9.24,69.14,-108.98,76.55,-8.99,70.89,-53.40,92.86,40.06,34.39,31.81,57.80,28.14,3.69,-41.48,-45.77,-71.89,32.59,97.28,8.76,43.58,60.31,37.82,-111.64,31.11
-419.22,-415.06,179.41,-180.73,-191.08,-189.67,-6.72,58.19,-231.56,-53.20,-178.33,88.26,-14.16,82.83,122.80,-50.38,12.48,64.93,150.96,155.56,-83.81,25.37,2.50,-49.70,-60.22,-24.30,-45.20,57.12,-60.10,65.75,-22.74,90.83,-77.93,124.59,22.44,-10.83,5.28,83.57,-20.66,-3.27,-20.56,31.40,7.39,44.52,25.37,-22.31,57.08,33.37,-64.08,6.88,13.22
-696.00,-1442.34,1100.06,-88.73,-365.26,-279.41,292.05,864.05,-298.12,-204.60,-238.07,-107.34,-27.10,214.44,174.93,96.33,-56.20,-237.16,262.78,277.69,-153.85,50.76,-130.40,58.18,-135.43,87.99,-13.81,39.94,-176.99,31.73,36.89,-19.94,-154.00,158.95,22.20,30.14,-85.32,113.73,14.32,34.34,-5.64,-78.65,12.00,112.96,174.03,91.64,107.42,94.80,-40.80,-83.80,119.36
