131.72,-965.31,672.99,-477.29,-309.53,-77.89,446.08,461.64,180.32,-211.45,-69.51,39.48,6.55,-138.22,20.22,369.97,95.11,-278.27,14.16,149.68,-8.13,-30.85,-23.08,11.25,303.18,-78.19,90.25,-39.44,-177.13,150.49,51.46,-34.82,-93.24,71.75,-88.29,-21.45,69.55,-4.82,-64.78,166.16,-13.54,-14.30,8.13,88.47,71.97,56.36,42.10,43.59,-5.81,-12.04,5.94
1476.07,-703.47,753.78,-49.28,-592.81,117.12,-290.88,559.73,-74.97,215.02,-141.87,188.38,-344.50,251.40,-83.64,-320.51,-520.11,-355.76,1.05,-137.53,-63.67,-1.25,68.25,55.88,-35.96,39.94,181.88,-263.12,-168.28,-190.82,-0.66,-23.55,82.28,-60.57,9.91,117.12,-85.71,62.15,155.97,142.23,-12.46,-55.64,25.56,15.60,-68.26,99.37,92.87,35.81,-138.65,9.64,6.93
393.07,-673.20,-678.89,-395.04,37.92,-38.57,19.02,244.27,267.98,259.76,80.96,-43.76,-167.45,-4.28,-82.09,-6.59,-187.22,-66.50,-11.38,-18.74,-58.18,212.15,-21.71,149.69,-39.86,-59.24,28.91,47.42,-150.85,113.17,0.48,90.35,59.50,34.01,-107.32,-8.58,46.07,83.42,35.60,-37.26,-19.53,-1.52,-73.35,-24.70,-39.62,10.55,89.94,104.52,-20.97,-36.54,34.63
374.01,-246.53,791.73,182.69,-184.83,-531.26,-646.41,-323.77,-105.36,-219.76,-13.83,-433.95,162.86,307.41,-238.62,217.98,-141.16,60.64,-105.30,-210.08,-84.32,63.80,92.24,-73.72,12.37,-43.70,5.41,-28.76,1.92,16.85,-38.48,11.54,-8.09,-3.62,-44.76,3.31,23.37,11.32,-42.62,-41.81,-23.71,4.49,-22.89,4.10,-18.41,3.15,0.75,21.35,-5.52,-2.03,5.50
-254.28,-920.19,-16.37,-418.72,-100.68,-154.05,104.14,550.54,137.64,-5.71,-1.19,-257.96,-171.95,109.18,62.73,-35.39,-168.61,-264.54,110.43,135.79,12.94,60.33,-86.12,189.16,-72.38,30.34,-119.88,14.61,-79.18,77.55,-89.70,-148.51,-53.02,54.00,-42.76,48.92,19.76,63.49,-10.83,32.94,-57.74,-74.93,-32.71,65.28,101.30,23.01,23.84,39.00,-34.28,-76.96,22.82
214.31,-947.79,-743.84,-612.44,322.76,-181.02,9.42,-15.12,388.49,-22.11,199.14,-174.48,-193.36,222.54,-41.76,102.64,54.50,-155.80,22.40,9.04,-141.01,213.03,12.12,408.44,88.04,-15.41,-43.62,169.46,-311.81,54.79,10.22,18.15,-54.06,34.90,-167.45,-121.63,-26.51,94.20,22.19,3.87,-22.94,-145.08,-206.24,-51.43,58.56,41.16,111.87,164.45,-5.55,-159.20,137.91
600.51,-597.21,-472.46,-253.75,90.53,-157.66,82.11,102.14,280.07,36.30,-34.14,-46.43,-77.65,-59.63,89.99,-9.66,-243.67,-32.20,43.34,-9.81,-143.00,260.87,21.89,40.47,-33.31,-43.08,-2.92,58.11,-197.89,131.40,25.62,-29.28,-38.51,52.42,-84.60,85.64,13.89,70.73,57.16,-37.70,-76.78,30.29,-56.89,-71.11,66.47,-52.96,158.51,95.57,98.51,-6.81,31.56
1178.99,-76.15,-72.55,140.47,-393.63,556.16,-218.32,104.61,-137.73,-128.64,-266.43,120.46,-43.22,114.50,-47.21,28.23,-174.08,-156.69,27.79,97.09,-63.18,42.77,-33.32,80.54,-14.65,-9.21,57.78,9.31,97.65,-258.30,-72.79,-72.31,93.01,54.39,-49.94,91.24,-18.69,21.25,66.15,48.81,64.40,-17.98,-7.18,19.61,-52.81,-10.71,141.32,-47.23,-9.76,33.39,22.73
256.53,-682.06,225.62,-315.20,-266.75,132.40,-26.83,224.58,355.74,-56.10,-231.48,36.60,26.51,174.00,26.91,-74.39,221.80,-234.79,-150.61,-36.28,-18.28,4.85,-21.10,90.21,39.78,-91.99,24.51,-3.47,-137.34,65.83,-23.34,16.76,0.33,49.69,33.11,42.26,32.84,-6.11,59.64,176.74,41.29,-21.30,-31.03,179.30,96.26,74.39,84.02,-35.56,34.96,-88.52,-9.27
1121.88,-290.01,-68.57,-166.62,73.82,93.08,-227.61,458.28,143.74,99.72,-31.25,20.16,-10.15,284.19,-220.56,-453.04,-5.51,-198.40,-28.65,-248.58,-41.74,181.85,-52.03,72.63,-51.93,-41.40,-128.02,-17.47,-69.20,-93.77,-10.72,-55.80,104.35,-0.51,-21.95,-80.29,58.11,106.05,99.00,1.31,24.73,-151.14,-110.27,153.47,-0.45,60.88,32.35,-41.17,-163.44,-48.85,-1.26
1502.62,-608.88,202.99,-232.38,152.47,-101.54,204.54,812.57,207.14,157.27,-96.93,-79.08,132.37,-79.67,-45.64,-337.58,-20.30,-142.31,108.10,-152.94,57.23,284.76,-29.48,17.63,-21.93,-68.56,-97.61,-83.74,-92.17,73.26,-31.39,88.40,65.74,20.54,-58.81,-32.59,33.91,97.49,-12.57,49.12,-62.52,-53.00,-54.38,85.11,-1.55,97.56,37.40,21.51,-75.25,-36.03,75.86
876.64,347.93,-286.00,-590.69,-207.09,340.58,-43.53,-9.45,-233.33,237.61,29.61,-9.08,86.36,-156.67,-235.21,6.95,-132.27,129.90,3.60,-197.49,86.01,-68.53,-21.19,120.41,-140.55,40.32,56.01,64.65,-294.80,-17.46,-62.87,97.57,19.68,-59.13,-86.41,-165.38,-44.30,4.43,-9.29,6.04,-2.61,-27.63,67.83,58.51,5.59,37.99,-22.00,2.78,21.29,-22.49,-56.02
250.11,-384.02,-416.02,-249.31,-22.72,-201.84,-17.24,48.19,196.79,90.27,101.18,-102.27,-228.95,-250.84,-36.66,1.55,-11.92,10.47,181.96,-17.59,-87.56,74.07,34.24,8.65,47.85,-38.16,-35.93,12.44,-26.38,56.17,-29.37,16.72,21.38,25.02,-62.14,-24.18,33.52,66.83,26.99,-83.52,7.23,-42.70,-37.53,-55.04,-60.38,75.86,-15.23,19.69,15.70,-26.49,30.10
1015.47,-1851.38,-233.84,-399.57,-290.70,67.54,483.77,886.07,608.28,-109.53,-334.80,-237.11,190.41,43.27,80.70,-61.92,-81.95,-222.88,-16.02,5.65,-187.56,250.43,-80.53,424.17,175.09,-149.54,-15.73,0.27,-292.92,178.61,67.53,32.81,82.03,73.87,-119.25,59.71,161.61,111.29,133.32,112.73,12.04,-158.10,-118.42,41.54,61.54,79.07,134.19,189.93,-133.57,-51.13,147.32
256.70,-286.49,-554.72,-399.27,21.87,-176.27,-41.80,-89.81,254.03,157.31,73.29,47.75,-91.41,-156.58,72.41,8.29,-8.74,-11.81,-64.75,13.33,-28.91,121.39,-2.79,-2.56,35.87,-63.55,54.83,-6.60,-5.00,113.04,22.54,72.09,19.15,132.24,-56.10,83.90,56.89,59.08,55.85,-17.18,-23.47,47.31,-68.52,-28.31,38.90,-7.63,36.19,31.20,-1.04,-14.05,18.84
444.10,-1045.28,-63.46,-159.17,-32.82,-237.70,-265.64,597.90,154.05,-113.37,82.21,-109.79,-122.22,165.16,-112.86,-76.00,39.37,-179.53,59.64,-68.01,-181.23,74.99,61.56,320.19,20.43,-54.47,-124.57,72.95,-140.96,-57.83,-70.76,-52.06,-107.00,5.32,-31.66,-48.39,-23.75,74.61,136.38,36.45,90.61,-203.55,-37.58,53.86,27.07,60.99,60.65,53.39,-49.92,-185.73,38.05
237.05,-1587.30,532.96,88.38,-301.02,-35.51,480.70,604.92,518.53,-338.71,-215.20,-238.93,-43.45,96.95,248.75,67.16,29.91,-112.59,287.28,332.69,-168.25,157.56,-59.31,269.85,392.05,-144.59,16.09,30.77,-138.86,26.90,81.36,144.04,102.27,112.31,-33.50,131.84,-15.33,-1.42,-68.21,30.15,-79.36,19.28,-130.52,35.38,-75.99,45.07,-5.40,216.82,-65.23,-94.48,69.58
346.44,-321.60,-453.63,-536.98,190.42,-262.77,-19.14,523.25,331.45,307.43,-139.94,-155.05,-49.06,68.63,31.57,-106.48,-35.35,69.97,30.42,-124.65,-1.68,9.66,114.37,77.07,119.12,9.38,-24.81,24.28,-53.13,91.68,-156.60,-4.86,23.86,0.68,5.55,17.44,113.36,65.04,10.06,33.93,-80.92,18.32,-123.35,-19.25,76.29,79.38,-2.28,1.29,-92.43,-2.43,62.77
372.24,-802.84,322.82,-322.86,-280.12,-116.48,343.68,263.43,93.58,-53.01,-120.63,-68.23,-146.22,75.32,92.92,68.50,-283.58,-175.16,28.40,171.10,-25.99,43.07,-40.52,109.84,31.01,3.91,-38.74,66.42,-130.45,42.33,43.87,0.73,32.23,53.16,2.71,108.28,-46.02,-26.66,-2.76,2.15,-13.73,-27.00,46.85,17.71,90.71,22.15,35.23,68.77,-27.67,-52.35,22.39
469.81,-1121.77,-599.26,-438.04,116.00,93.71,-236.16,187.60,202.06,88.59,-81.61,-125.36,-20.75,30.26,-21.98,-88.09,-1.69,-83.02,-17.86,-21.75,-107.72,237.16,-53.28,394.82,54.73,-39.64,-8.39,0.41,-269.54,101.15,-11.66,105.66,95.25,-20.93,-84.23,-31.22,30.81,118.25,66.86,-28.11,0.88,-79.90,-136.65,-27.73,41.70,29.63,68.12,112.89,-75.19,-74.98,144.64
307.09,-834.90,-910.84,-299.82,98.09,-89.19,-24.06,358.85,351.58,200.02,-58.83,-80.98,45.18,-102.35,-198.88,-101.34,11.51,-53.26,-22.35,-112.55,-212.56,133.27,-37.82,115.53,67.96,-58.79,-43.09,23.91,-140.07,142.64,-8.22,42.94,7.19,59.39,13.64,1.59,115.34,26.75,63.27,57.74,-54.19,-150.78,-102.81,23.72,86.16,78.35,32.67,118.46,26.90,-141.89,148.06
274.98,-884.14,-355.68,-339.44,10.39,54.28,-254.62,653.00,202.79,-13.54,59.11,-266.34,-224.99,273.91,-3.72,-142.32,-171.11,-377.93,154.08,3.07,-117.00,177.01,-152.84,215.63,-276.70,-0.24,-237.89,33.83,-18.24,0.54,-25.41,-34.36,-56.36,-53.10,-37.38,-92.55,-42.27,56.94,13.27,23.94,35.36,-102.78,-16.09,114.87,82.24,-26.77,-5.05,27.18,-146.75,29.70,68.08
428.63,-868.38,-419.94,-238.25,-70.47,-101.16,-292.44,499.23,45.64,106.35,-2.13,-114.75,-11.86,46.34,120.80,-186.33,-268.60,-226.29,144.01,-15.57,-71.96,154.93,-61.83,62.54,-178.61,44.32,-81.26,-8.81,-112.40,12.03,-58.99,-82.49,-42.24,46.42,-12.33,15.84,-37.96,47.80,86.64,22.48,20.34,-64.11,32.59,86.68,35.46,-22.37,54.22,109.62,-39.56,42.40,52.58
574.18,-576.78,14.86,-157.12,-186.84,124.96,-617.85,514.32,-90.79,-124.23,200.21,69.95,-222.22,282.63,-50.55,-250.24,-407.75,-202.58,44.56,-255.80,-88.03,97.27,56.90,148.92,-285.38,44.81,29.50,-67.95,-158.05,-107.43,-24.73,-81.04,-64.45,32.52,-144.85,-97.53,-120.06,36.74,271.27,164.16,32.28,-44.61,44.72,29.75,53.07,124.64,-44.16,107.76,-18.94,21.44,26.31
438.86,-397.24,-646.62,-499.64,138.57,-94.00,33.04,222.03,217.19,182.46,89.62,-41.61,-85.05,-111.22,-50.21,-30.31,13.94,-163.23,57.37,16.07,-113.91,158.93,-66.13,124.97,-4.19,-49.50,-57.74,69.51,-62.28,148.55,-12.35,69.21,57.07,71.81,-64.03,-79.59,35.37,72.07,22.84,-48.01,-27.04,-77.29,-45.95,-32.69,-1.46,18.72,-30.82,65.45,-21.86,-7.94,38.34
270.03,-1601.76,-509.26,-319.32,-363.31,172.71,-431.55,694.23,-12.40,-164.58,-137.14,-23.45,40.93,234.85,140.65,70.55,115.19,-40.49,-143.60,-139.02,-258.05,95.89,126.72,399.17,52.83,-32.91,-60.63,-51.83,-283.94,-56.06,1.05,56.90,-27.66,-98.30,-156.96,-6.66,-4.63,76.17,310.47,-35.23,74.74,-212.82,-84.30,110.80,31.04,220.16,49.97,77.18,-81.88,-117.43,94.10
901.64,-252.09,-1346.68,-551.74,385.14,172.63,-160.32,71.46,256.35,260.07,126.48,-137.88,-59.12,-133.43,-156.47,-119.62,29.89,-40.31,-57.22,-127.26,-119.21,141.99,55.08,215.39,-75.41,-97.37,-192.04,69.56,-140.45,142.18,9.15,111.52,29.30,-13.90,-92.83,-120.86,21.96,61.55,-48.77,-34.05,-68.25,-75.48,-130.06,-42.65,25.04,-1.94,-20.27,71.14,-17.18,-60.78,79.33
607.63,-1202.00,262.46,-54.97,-222.07,-134.43,5.26,741.74,456.36,-63.40,-117.55,-148.05,102.13,223.54,-281.11,-74.77,45.42,-244.42,20.68,-297.34,-244.05,251.53,-113.49,23.46,74.79,-101.60,10.10,50.44,-101.16,101.04,-10.04,-55.70,69.48,116.33,-104.71,-3.31,104.38,87.66,81.89,108.64,-38.20,-225.45,-84.76,117.17,84.61,11.62,76.30,-50.36,-38.72,-97.33,67.29
434.19,-1686.63,-254.61,-501.92,-382.59,-135.35,435.23,374.90,496.01,76.34,-247.54,-150.84,50.99,-45.55,-56.99,-143.63,-182.68,-187.46,-28.52,130.86,-177.41,121.41,-88.10,283.02,204.10,-23.23,36.15,-6.35,-331.41,34.88,-98.77,-13.59,18.02,83.45,-80.78,153.29,95.89,51.71,71.58,21.37,-68.64,-138.08,-102.70,31.64,86.26,118.24,101.48,118.45,5.19,-102.38,149.94
381.07,-1259.98,61.82,-173.29,-181.83,-338.70,-81.40,462.86,240.45,161.43,-15.78,-70.90,-295.95,189.56,-47.96,-177.91,-435.16,-372.64,204.04,36.77,-98.32,281.86,-65.34,162.48,-88.08,78.80,118.27,-29.38,-249.06,53.08,-15.28,-11.01,-75.04,121.31,-40.32,101.10,9.92,96.18,189.45,148.42,-6.92,-119.75,-7.67,25.38,188.54,93.27,63.69,154.25,-62.39,-76.26,73.27
646.89,-135.97,-86.09,-486.76,-311.10,174.22,178.75,-116.16,247.19,-93.22,-48.43,-0.04,-138.18,66.71,-17.95,47.78,256.51,25.22,-147.26,-151.94,-91.93,4.23,-30.45,93.14,36.52,-24.56,17.74,15.50,-39.08,-54.05,34.18,1.28,73.04,-13.05,-90.08,-94.03,52.08,79.24,14.29,-32.76,39.35,-53.15,-132.47,-85.61,-59.39,-51.39,-77.94,-10.77,21.13,77.60,-45.79
-228.54,-1975.12,337.70,-486.94,-723.93,-230.86,634.12,489.18,390.97,-21.79,-299.25,-89.61,-98.37,18.52,163.21,29.63,-295.98,-283.12,77.76,200.67,-146.23,133.15,-109.86,253.43,249.04,31.65,59.66,-5.00,-268.57,56.42,-135.69,-84.72,-0.59,196.65,-77.49,229.72,79.36,50.32,92.53,87.46,-102.63,-138.12,-75.98,30.60,144.71,134.41,170.18,95.80,11.99,-136.52,103.75
1146.46,-728.54,215.44,-302.84,-49.58,-201.71,-375.18,195.42,-9.60,-190.44,-237.55,-13.50,20.02,89.64,15.72,24.28,-193.41,-23.80,4.09,-147.46,-144.00,23.17,164.90,238.68,43.22,27.51,188.10,39.83,-321.66,-153.89,27.62,-26.40,-51.27,-20.33,-33.77,-13.10,-140.15,91.03,203.31,76.69,34.05,-160.72,-84.13,-155.77,98.81,61.04,151.09,-29.64,-36.55,-133.72,96.42
-306.57,-316.43,-131.97,-677.65,-36.98,-200.59,181.60,-126.31,-11.74,115.37,48.12,-22.17,-144.63,-160.28,98.44,356.06,148.78,-63.43,-3.88,68.13,-130.66,62.54,-96.78,82.46,54.05,-69.50,22.27,-61.03,-19.83,49.07,-34.89,0.43,-9.72,161.32,-22.69,-29.99,25.83,81.02,46.28,-34.81,11.17,-43.69,39.79,39.15,17.39,11.51,34.92,87.74,49.18,-60.37,-72.69
1162.32,-86.42,-586.52,67.24,-129.91,195.00,-284.45,462.72,51.58,391.83,-148.35,-51.73,-10.02,76.22,-49.09,-491.90,-315.17,58.90,27.49,-195.26,-38.36,-29.46,60.54,-66.90,-30.93,30.17,-130.52,11.33,-70.81,-234.46,-23.26,-23.81,128.33,-4.97,83.47,18.62,94.64,65.92,98.09,-12.63,-17.93,-9.42,-34.23,77.01,-1.50,74.35,54.99,-34.83,-90.00,-16.02,88.41
1095.85,-837.45,-135.40,-371.19,-285.70,140.19,232.09,286.85,143.67,134.09,-205.74,-75.29,-76.05,-34.87,0.64,-52.63,-245.71,-174.73,79.91,25.39,-157.44,131.86,4.93,331.13,39.95,-54.19,17.81,-17.44,-197.14,-76.81,-11.55,16.24,77.43,35.55,-107.08,23.63,-2.86,96.85,30.21,-24.56,-18.03,-40.62,-106.23,-30.89,21.20,81.95,79.65,56.18,-65.35,-61.65,71.04
-475.98,-1209.85,-753.26,-422.16,-158.85,-220.57,199.28,221.75,241.02,46.67,-165.97,-152.53,-47.31,-74.29,19.78,24.83,-167.35,-126.73,16.94,184.06,-37.94,154.29,-161.37,208.19,-14.20,15.33,55.37,-54.68,-187.20,91.24,-17.20,20.95,21.20,72.81,39.93,136.71,36.32,97.14,58.98,56.91,-50.22,-73.90,-66.25,-21.30,139.94,-24.13,73.09,143.23,-37.95,-96.95,55.39
-406.37,-408.14,-415.45,26.56,-295.71,48.91,-482.82,-95.41,155.61,53.53,196.40,-116.73,-59.19,118.44,-290.40,-276.87,302.23,70.23,-42.64,58.53,-103.63,-99.71,-326.05,91.36,93.78,83.95,7.94,41.73,-66.22,-29.70,-104.19,-83.21,-30.42,33.96,104.74,87.65,-48.59,-27.67,80.51,48.21,-28.18,-10.49,10.85,24.61,43.03,-4.14,-64.21,30.52,7.17,5.14,35.74
633.71,-418.79,85.89,-499.10,-260.04,74.68,5.73,316.70,144.19,207.73,0.38,107.17,-80.65,16.74,-105.68,-39.97,98.32,-128.77,-136.51,-85.85,-112.77,28.85,-52.35,185.59,60.90,-41.86,70.38,26.72,-85.76,11.42,11.07,33.47,81.44,15.72,-80.72,-88.23,6.51,177.48,48.19,11.94,-34.31,-113.71,-105.24,-79.02,-28.95,41.22,82.92,76.63,-41.69,-23.99,41.09
-141.36,-502.85,-535.12,-475.78,112.37,-281.15,276.14,84.98,256.80,41.16,-16.52,-2.94,-142.18,-40.95,97.85,216.66,11.68,-141.93,133.64,151.22,-154.22,151.48,-164.52,111.94,-0.47,13.22,-32.74,86.07,-45.19,144.57,-14.42,-11.16,6.03,50.39,-77.48,-46.51,45.41,79.46,-0.47,-17.92,6.08,-31.03,-57.37,40.33,50.76,13.60,-1.83,131.71,-26.69,-13.96,-16.33
152.45,-1171.83,-203.84,-330.36,-207.04,252.60,605.96,864.69,482.61,-41.78,-164.46,-56.05,10.06,35.99,-19.24,291.18,235.16,21.07,18.02,69.37,-167.08,101.31,-40.52,274.54,87.32,-102.91,-26.27,37.79,-185.94,252.18,80.84,-43.25,-122.20,68.11,-185.81,-52.19,86.91,136.26,-34.56,37.35,-23.55,-120.65,-186.40,-7.51,133.94,65.40,91.65,101.45,-47.32,-99.22,153.11
774.86,450.89,-499.18,-50.88,-143.90,479.22,-512.06,102.32,-254.34,60.66,194.65,-3.68,-120.20,23.38,-67.73,310.12,129.15,9.40,100.13,320.84,-12.11,1.91,213.94,-101.11,143.87,82.56,-60.79,8.62,83.60,155.16,42.52,-9.07,-44.78,-43.86,-8.09,29.36,96.06,-2.19,20.98,-1.69,9.23,-29.23,5.46,-6.30,25.18,-5.92,-95.73,46.98,-7.92,-25.84,-14.59
726.80,-172.46,-1510.49,-539.45,38.86,250.78,-358.19,32.66,253.22,313.32,166.16,37.68,-33.59,-75.61,-270.60,-113.55,63.36,49.28,-224.65,-277.07,-148.66,116.94,7.94,112.35,-78.85,-45.83,-64.89,19.83,-167.16,108.29,31.85,21.23,55.47,-55.87,-140.94,-116.85,100.64,33.11,25.56,1.39,64.34,-91.43,-101.76,-42.34,-3.60,4.70,15.92,1.76,-44.00,-13.10,69.09
225.84,-407.63,-777.68,-264.90,274.27,-117.65,-148.32,194.18,241.33,8.28,125.25,42.79,-141.52,58.88,-226.08,-61.61,69.30,-200.26,93.95,70.42,-107.55,149.28,-158.66,218.55,-17.07,2.05,-61.26,-6.99,-50.69,95.27,-94.79,-111.08,21.03,-42.95,-37.53,-24.14,20.72,15.57,-77.83,44.78,8.30,-85.45,3.77,45.01,37.95,33.75,7.76,129.03,-53.82,-35.02,30.42
1527.54,-572.74,423.97,-187.61,-58.38,101.87,340.47,762.02,271.88,142.70,-149.81,-155.54,58.25,61.75,180.86,-255.20,-134.52,-218.21,-11.50,0.29,45.00,180.64,-123.01,183.98,32.68,19.63,-104.04,-62.92,29.58,-93.66,-2.51,9.47,2.55,2.82,-29.74,86.28,45.83,135.68,6.19,61.53,-66.08,-19.68,-91.81,70.72,128.86,43.42,117.80,55.97,-162.68,17.47,122.64
369.20,-477.29,-715.47,-153.25,204.35,-261.05,3.49,18.64,277.83,-224.06,-25.99,16.06,-53.75,10.97,47.28,74.74,-123.14,-88.76,-117.68,198.95,-20.01,47.28,-83.97,78.31,-34.54,-38.36,-68.87,10.17,-70.67,-37.46,-53.86,-19.70,-48.02,-35.08,-10.41,33.75,-2.09,-38.97,-5.13,-28.97,-6.55,-28.62,-4.55,-42.05,12.31,-44.56,-60.45,70.57,16.37,-3.74,-39.01
-130.32,-1140.17,476.68,-308.59,-216.94,-228.24,148.49,596.55,3.59,12.05,8.43,-10.46,-129.52,65.60,-23.87,-92.59,-6.35,-327.50,216.93,164.47,-173.58,53.06,-84.05,309.27,149.05,-75.27,-38.14,11.12,-100.88,68.96,-73.80,29.50,-11.95,40.68,-71.94,-5.35,-1.17,74.69,41.19,1.32,-53.78,-140.76,-6.33,108.56,40.40,144.82,45.93,66.18,-50.92,-123.53,9.63
348.53,-777.55,559.30,-222.39,-278.72,161.80,93.80,524.21,58.37,-104.95,-210.91,-76.17,-103.32,293.64,-21.56,-26.57,80.99,-325.93,84.87,-39.81,-206.07,-14.94,46.83,383.74,-31.32,-154.44,-73.37,3.39,-44.72,-115.10,-46.45,-17.68,-6.71,-16.77,-23.01,-0.65,-27.00,-34.05,-22.13,86.43,-34.08,23.04,3.50,180.50,-12.93,96.54,61.29,-44.47,-91.82,-15.14,-11.80
136.11,-705.63,-280.60,-279.92,261.91,20.67,-384.89,85.82,153.02,-192.81,362.31,-71.82,-282.44,-8.21,4.08,19.36,94.11,-331.31,-39.60,23.31,-120.96,-2.89,48.81,303.17,44.54,1.64,-146.66,43.06,-129.48,37.15,-73.87,-135.89,-119.57,7.60,-133.63,-105.66,-62.62,-21.34,5.55,77.84,-26.93,-64.34,-58.41,-29.14,69.23,-23.91,-27.36,64.04,-54.15,-4.91,-1.52
1341.82,-135.38,360.95,-159.10,384.79,-204.70,-62.09,334.71,167.76,-97.66,66.36,3.42,34.86,204.29,18.40,-254.19,-10.39,-265.38,191.65,-22.29,-130.78,90.12,6.90,173.17,-35.69,35.72,-146.82,85.81,-115.83,48.53,-45.39,-81.37,-80.86,-45.64,-61.07,-84.30,-48.46,-16.15,83.90,33.19,-18.71,-96.86,-57.96,55.47,81.40,32.72,-15.99,15.30,-14.04,-30.61,45.23
1104.97,184.60,121.90,-602.96,113.29,160.64,282.40,-113.08,-33.30,156.29,21.24,-164.57,-46.76,-198.68,-69.13,176.44,262.53,-113.65,13.12,-96.69,-95.08,-29.79,-52.37,208.33,65.94,-70.32,-128.08,1.26,-9.81,97.68,27.33,68.23,32.36,-46.55,18.25,-125.09,-98.81,51.81,-52.24,114.31,-81.89,-14.59,-91.77,-49.50,-40.64,-15.82,17.08,71.91,3.79,-11.39,47.11
187.47,-968.84,38.26,-133.64,-1.84,-243.69,23.25,586.75,-75.52,53.94,26.24,-44.07,-66.40,40.25,-141.56,-172.20,-59.13,-199.78,215.40,157.55,-141.96,65.27,-51.82,392.75,-40.32,1.71,17.87,-12.80,-95.86,5.71,-123.65,-61.71,-119.37,92.08,-45.68,38.19,-43.14,4.91,60.93,72.14,-12.27,-197.94,75.28,46.27,56.29,87.81,104.86,178.64,-49.37,-187.07,48.26
64.10,-725.53,-1109.07,-276.30,120.62,-221.07,-132.71,319.36,234.83,249.29,103.54,-91.96,28.59,-165.32,-39.36,-131.56,-141.53,-87.82,90.66,83.39,-124.22,8.15,20.18,141.13,-22.04,-39.47,-190.27,-59.30,-128.61,94.05,-12.41,-74.12,-15.75,24.40,-55.78,11.74,44.87,31.49,-72.36,-6.52,-49.50,-87.94,-83.47,24.59,64.81,24.39,67.39,86.94,-59.80,-82.66,78.19
193.42,-133.73,-595.32,-109.73,251.19,-261.74,-360.61,-347.82,254.67,84.67,102.71,-83.78,189.08,-70.06,147.24,-35.57,-152.14,242.70,-0.41,394.81,-44.86,-63.17,12.13,13.62,-130.08,-184.29,-50.80,-88.22,-82.24,-74.08,121.79,23.68,27.86,164.84,-65.51,-62.81,-30.31,52.62,5.73,52.62,35.88,14.69,6.22,-21.74,56.23,-49.84,29.97,-40.11,-8.78,20.69,-32.71
55.37,-456.95,-294.89,-272.40,16.51,-248.38,6.22,-10.29,391.33,205.91,107.07,22.94,-228.03,-178.14,104.27,64.59,-42.59,-118.33,-57.68,16.64,-14.20,186.42,-114.49,-72.52,31.35,-25.68,-18.85,38.60,48.15,169.18,-24.86,13.65,-74.47,147.31,-75.07,41.17,50.45,37.93,-14.03,16.20,-31.06,-7.15,-96.48,-57.63,69.69,-33.59,14.06,12.89,15.12,10.91,64.80
531.24,265.87,-205.53,-119.63,358.08,-350.69,233.59,96.99,330.73,-95.72,196.19,285.28,-610.47,382.02,-33.57,132.35,-221.65,131.23,-103.66,3.75,-124.02,-151.75,0.84,-20.97,-64.01,94.33,50.57,53.51,-26.47,2.59,-40.86,-33.65,34.59,-33.27,4.61,-20.93,-6.90,-15.43,-46.14,23.17,4.41,-23.15,16.54,21.15,0.44,15.09,-2.42,12.25,-12.69,-3.36,3.14
672.77,-1531.30,819.95,-130.83,-653.33,-161.25,-213.72,613.46,-15.77,63.78,-81.63,-49.40,-271.82,234.68,-105.90,-115.45,-496.56,-404.01,87.73,-19.51,-32.15,85.02,-76.73,180.57,67.97,-37.31,148.88,-88.21,-333.43,-183.42,-108.45,-94.95,-40.38,95.04,-88.46,90.88,-99.99,124.08,132.94,145.90,-54.02,-178.38,-11.46,-6.15,52.93,64.49,142.26,139.58,-137.47,-124.71,9.47
654.14,-1223.76,782.70,-139.43,-491.17,-155.32,-224.50,624.32,-90.28,109.78,-194.88,120.39,-232.68,349.63,-84.53,-114.63,-433.87,-278.28,111.98,-49.76,-92.49,109.75,29.02,196.23,-21.81,-50.49,149.01,-98.23,-237.15,-250.03,-109.79,-75.70,9.63,89.79,-100.62,46.77,-124.31,110.47,124.07,148.48,-58.25,-127.43,-4.58,24.94,124.42,75.53,123.84,95.92,-135.61,-124.91,-19.40
204.26,-286.25,-159.64,-258.75,-248.16,79.08,-129.35,-65.59,231.11,54.37,-138.31,109.93,-17.12,61.05,164.71,-124.24,202.76,12.01,48.38,-91.61,-94.95,18.78,72.95,8.46,138.78,-194.75,13.64,106.18,87.03,119.88,-39.34,52.71,63.08,7.85,-51.84,-52.49,5.03,-105.93,-127.66,80.98,31.14,58.12,63.86,32.77,-184.20,-15.80,23.38,49.10,23.07,19.57,-56.48
-223.14,-1080.92,-508.96,-309.34,-18.06,-214.40,57.05,390.71,311.52,114.59,-79.46,-76.91,53.21,-62.34,-184.02,-2.07,45.87,-96.01,11.80,-61.34,-229.26,72.68,-86.76,122.47,109.46,-32.39,16.88,22.43,-146.15,161.83,-10.26,-14.48,-43.32,96.50,28.93,16.92,104.48,14.64,65.82,109.16,-69.55,-184.30,-80.57,52.38,140.09,88.47,39.16,131.57,50.10,-157.50,146.98
712.41,-764.35,-276.07,-130.99,-42.71,51.69,-33.43,249.51,231.88,53.86,-188.09,13.17,-16.74,-93.34,-114.57,-110.40,-94.28,-109.34,-39.09,-3.90,-114.02,104.54,-92.83,82.80,-24.15,-103.96,-36.09,40.33,-130.39,71.70,-14.90,114.97,93.25,36.86,-86.31,0.03,-14.37,92.63,-26.73,-38.15,23.06,-0.00,-72.93,-22.71,25.24,70.57,38.58,30.80,-25.28,-26.50,-13.55
55.62,-1170.26,-166.47,-557.74,-100.87,-85.91,414.98,824.58,303.21,-6.17,-57.32,69.93,107.82,-138.25,-157.29,331.53,312.52,-91.37,-64.49,24.77,-276.27,127.71,-40.10,180.11,198.49,-75.29,68.33,38.00,-187.18,260.11,57.67,72.15,-12.41,142.79,-130.36,-49.80,137.22,88.13,-59.54,114.30,-31.55,-89.84,-121.24,23.85,-6.70,180.24,109.99,177.88,1.71,-103.32,75.65
440.07,-848.87,-20.45,-284.20,-358.46,336.70,452.16,718.00,316.63,82.19,-111.04,-77.75,55.44,17.25,-120.14,233.68,93.55,18.62,42.97,-27.42,-235.93,13.02,-138.18,197.92,166.06,-86.92,-12.81,-128.80,-204.75,73.31,96.05,-32.04,-24.97,113.47,-112.00,-44.35,60.85,35.49,-26.10,8.95,-22.91,-104.50,-106.72,77.22,4.09,71.77,67.60,150.15,37.13,-74.11,123.12
-164.10,-733.01,-102.49,-364.89,28.69,-417.94,222.16,79.96,76.44,152.94,80.75,14.66,-28.89,-237.82,173.57,-29.45,-17.88,-72.10,120.47,195.92,-56.37,59.62,-80.61,110.79,125.70,6.39,27.38,13.26,-102.50,251.02,10.22,-3.80,-51.11,154.62,-92.22,80.66,36.48,78.77,18.05,-3.86,-97.70,4.10,-56.37,-27.87,111.78,55.80,84.74,58.12,12.81,-71.63,142.47
447.45,-1093.48,-311.67,-341.38,-279.42,359.77,44.76,643.92,513.65,99.58,-71.54,-142.53,-75.93,185.32,-59.54,-30.75,-23.52,-147.11,-9.37,-117.46,-104.69,199.65,-76.15,113.99,-41.06,-62.45,-32.84,-120.42,-226.97,61.50,107.82,69.42,38.15,28.58,-91.38,-32.04,34.25,46.49,36.05,115.62,9.25,-59.34,-85.87,106.83,91.85,35.31,121.75,-54.21,-95.31,-31.99,146.96
1395.47,-393.63,-952.80,-92.41,204.90,191.10,-166.65,223.72,354.07,98.10,-109.53,-75.52,149.58,17.48,-57.66,-182.30,-33.29,19.64,-75.03,-116.41,-86.92,286.39,-27.75,143.78,56.01,-83.03,-76.86,-6.94,-149.83,72.44,39.33,143.85,115.57,-55.12,-112.86,9.15,98.79,61.88,9.03,-50.20,-6.06,-79.07,-119.50,-44.66,-56.92,18.19,20.73,54.17,-33.85,-10.41,98.04
515.37,-943.11,-59.03,-121.25,-114.98,-140.93,-164.95,824.65,124.40,121.39,58.95,47.02,-19.50,293.57,-66.38,-316.81,-188.40,-4.13,49.18,-226.31,-16.47,59.44,96.89,71.09,-55.02,34.94,-11.12,-34.81,-203.63,12.88,-105.47,20.55,29.21,3.21,-14.61,10.25,124.85,73.64,213.12,81.44,32.58,-81.44,-60.33,174.23,21.31,103.51,17.01,-46.08,-54.60,-80.38,114.88
1338.70,-774.57,268.81,-196.32,83.38,-123.25,214.97,860.96,316.25,34.93,-204.12,-113.80,182.46,-6.67,-7.87,-238.77,46.55,-136.93,-26.73,-143.41,12.04,290.71,-87.56,55.17,-40.81,-51.31,-57.35,-19.43,-76.37,132.01,-4.89,99.01,92.15,-4.20,5.64,-19.86,120.71,89.44,-11.19,68.27,-39.18,-65.87,-73.86,85.00,19.14,126.61,56.62,49.42,-45.78,-63.18,97.45
18.44,-500.93,105.59,-228.08,-320.40,-342.40,-228.95,-141.49,212.86,24.79,18.61,-176.36,-257.93,-368.80,136.69,-14.53,-55.04,-68.69,70.78,30.87,49.82,6.98,49.32,3.03,-106.83,77.90,30.67,-28.82,74.64,-64.62,-16.23,-22.85,-99.64,-157.27,-68.45,35.97,44.60,-72.48,79.92,-13.98,102.23,131.07,120.36,58.77,16.38,169.69,30.51,46.23,10.20,41.88,66.30
446.24,-627.28,-1099.02,-280.43,181.36,49.42,-47.74,84.26,318.94,-92.21,24.98,-65.77,-13.74,-120.53,57.50,47.51,-71.98,-108.30,-77.61,96.58,-52.90,88.67,-10.69,131.26,-35.99,-49.29,-82.38,-14.29,-93.49,103.32,-55.31,95.40,13.28,13.29,0.31,1.07,-16.69,34.82,-35.55,-44.73,-16.68,-27.46,-21.89,-46.40,48.49,-35.72,-30.86,66.64,22.16,-7.84,9.38
-271.56,-1151.61,638.74,-89.85,-183.36,-454.31,-34.12,781.46,30.29,-21.03,41.24,26.13,-308.04,257.15,-72.55,-76.86,-181.50,-345.78,383.55,27.71,-208.20,35.99,-40.18,285.64,-143.88,42.57,-24.44,-40.66,-102.84,-49.69,-87.18,-168.54,-111.21,124.14,-8.11,16.76,-78.61,116.42,78.23,166.32,-40.52,-220.82,-0.05,100.62,167.63,108.17,51.49,121.45,-73.04,-120.48,-7.43
645.51,-787.56,542.98,43.47,-23.06,-161.40,-152.14,700.45,-49.99,-6.67,5.42,-69.08,-150.99,280.25,-155.58,-216.29,-172.42,-363.14,311.42,56.92,-143.02,152.50,-112.62,282.19,-110.57,31.83,-76.82,-50.29,-58.16,-40.97,-105.06,-98.48,-77.38,-20.38,-66.02,-26.25,-77.70,25.56,-1.15,92.46,-79.73,-138.31,10.47,129.09,72.73,83.47,12.34,77.93,-113.16,-75.26,47.99
554.79,-837.86,41.32,-133.34,-322.60,23.57,-19.19,423.52,173.63,125.23,-62.40,203.65,-330.06,260.12,-38.86,-154.15,-422.06,-130.82,-75.11,10.28,34.39,124.83,-43.08,190.58,-28.91,-19.59,162.72,-16.15,-219.74,-91.00,-2.86,-5.32,105.09,-74.71,-95.39,124.03,-61.29,91.97,65.54,103.02,20.19,-53.24,-53.66,-19.28,3.72,27.56,161.28,133.41,-30.94,-148.84,-11.97
967.19,-426.80,-645.16,-311.18,140.15,26.95,-233.97,410.54,119.12,124.34,46.32,-64.04,-190.18,85.51,-38.33,-293.67,-57.69,-151.87,35.87,-204.55,-111.31,180.26,30.28,191.56,-183.45,-57.00,-151.72,-7.19,-83.58,21.97,-42.22,29.93,3.65,-21.42,-81.26,-12.76,15.84,49.29,90.06,-40.32,18.81,-54.38,-57.50,60.29,-18.10,18.19,75.28,49.14,-34.90,17.67,69.17
28.71,-563.07,-1438.56,-115.26,96.48,-26.63,-421.48,-224.87,337.39,171.97,-14.57,-50.18,-144.21,-173.87,-52.23,-137.78,-123.88,52.18,-210.05,13.24,-84.24,186.83,-67.33,85.60,143.65,-127.95,-99.22,-23.43,-57.96,-60.40,-78.71,73.16,128.26,-2.95,-12.01,38.38,78.81,-7.25,31.71,-105.49,48.02,-34.29,-180.17,-68.69,-51.73,-57.03,46.19,-14.69,-60.74,-30.60,-14.52
142.09,-406.87,-28.20,-609.77,-345.99,160.07,42.16,-254.84,177.34,-154.30,-133.16,-35.66,-75.12,119.45,201.73,132.01,309.93,-83.49,-200.61,-61.32,62.48,-118.28,71.13,128.37,132.91,-22.87,-27.58,53.17,-113.64,28.81,67.16,-30.46,4.07,-97.41,-37.53,-85.80,4.62,72.85,-49.36,12.49,-12.71,-1.42,-107.48,-29.51,137.80,-15.16,77.93,-93.12,-35.55,21.85,18.56
-35.07,-381.52,-1171.11,-375.14,40.06,-119.03,-450.26,-154.31,165.34,64.00,79.52,-15.07,-65.10,-17.59,-101.35,-114.01,40.25,-73.51,-170.90,-63.76,-30.71,127.63,-55.15,18.07,24.54,-82.33,-69.80,37.85,-37.76,88.94,-6.64,58.23,41.20,-14.24,3.00,-41.17,93.87,-12.19,6.27,-12.59,47.81,-91.83,-55.18,-3.17,-12.33,-61.30,-55.20,40.25,-23.49,-20.43,-3.60
-312.69,-1430.79,357.96,-283.35,-367.96,-222.62,136.35,503.44,270.36,12.51,-151.25,-77.72,-83.24,248.42,-60.54,-54.82,52.46,-354.21,54.02,-59.40,-156.75,113.56,-170.15,66.84,87.33,11.18,-41.07,21.74,-70.50,145.92,16.94,14.25,-11.59,21.59,-10.37,16.53,143.22,117.01,82.91,86.11,-35.86,-137.02,-22.89,139.06,83.88,135.57,60.69,-31.22,18.74,-125.30,131.12
240.19,-335.09,-411.96,-526.21,30.28,-286.82,145.95,23.95,64.64,105.88,-7.21,93.03,-41.02,-36.40,5.57,78.51,13.98,-147.30,100.88,61.23,-128.82,134.97,-84.05,155.92,30.72,-7.32,10.99,2.43,-40.90,102.95,-39.63,41.14,92.92,9.03,-63.82,19.44,40.88,47.13,42.01,-41.52,-13.95,-6.62,-4.07,-71.25,20.43,53.49,-9.35,78.20,13.84,-39.30,-5.16
-40.50,-260.25,-1170.08,-356.20,59.21,-105.15,-470.48,-164.49,135.95,56.22,86.85,17.92,-59.79,-2.35,-106.14,-142.58,133.72,-55.26,-175.78,-83.58,-56.47,99.74,-83.93,1.02,37.33,-96.98,-62.73,29.98,-30.95,110.01,19.33,31.65,24.89,-8.81,0.94,-72.75,60.92,-28.74,-24.50,-3.89,65.20,-42.77,-65.70,18.63,-23.02,-94.05,-38.67,24.82,15.89,-19.82,-16.91
403.88,-249.96,272.24,-133.63,-67.58,-289.65,-18.59,44.50,145.04,207.85,100.66,-98.13,-166.80,-462.16,-83.01,52.43,34.61,-28.28,62.27,-41.18,-187.21,166.42,-82.50,-90.41,-44.90,40.31,7.35,168.57,108.86,55.27,-85.41,-0.18,97.14,42.64,-47.33,-41.23,116.19,46.62,-42.27,50.47,-51.12,-161.29,-74.78,-54.83,22.00,-105.98,42.48,-87.93,7.58,-24.74,-13.79
614.93,-743.19,-464.25,-195.63,-51.66,-58.57,-328.34,345.12,-79.23,-44.63,-42.78,-33.34,-112.50,164.07,-80.41,-135.33,-317.68,-225.86,233.58,-56.11,-105.49,175.92,-57.29,97.67,-185.56,104.69,14.22,-65.57,-142.45,-137.78,-66.91,-52.80,-43.25,103.88,-35.07,-4.66,-38.19,52.26,106.90,31.25,21.37,-96.24,65.18,57.06,94.23,55.66,78.65,82.02,-119.86,-35.18,-0.36
602.79,-1064.22,-200.01,-262.20,-382.07,73.57,-319.63,670.13,-8.46,88.39,-29.33,9.16,-263.56,265.49,-36.84,-220.47,-472.65,-374.82,151.12,-120.26,-131.75,180.11,27.23,198.93,-99.22,50.35,98.33,-133.69,-238.18,-172.88,-37.97,-57.23,44.74,-1.49,-54.83,56.52,-56.39,78.32,187.12,65.45,-1.88,-95.28,-0.56,19.09,-13.46,72.70,104.09,133.29,-131.42,-83.47,6.27
1044.40,-658.39,-1742.20,-505.59,186.71,251.05,-74.70,399.88,424.52,353.38,-28.05,-21.86,78.92,-198.89,-346.74,-177.93,2.19,47.21,-171.47,-235.71,-268.56,158.22,98.82,196.24,-2.42,-149.68,-173.63,24.52,-160.00,161.64,14.78,156.77,55.34,75.17,-107.82,-81.72,203.53,87.35,50.73,-3.71,-67.51,-80.36,-134.33,-47.05,-8.64,51.63,79.67,122.14,-29.48,-118.87,130.95
642.67,-1190.59,-1749.42,-453.77,49.89,242.17,-132.90,289.89,686.37,235.37,-233.79,-150.96,-19.84,-12.82,-117.92,-235.94,178.85,36.44,-127.86,-228.21,-256.45,204.67,144.90,284.13,34.57,-239.78,-113.73,50.23,-191.20,157.55,40.14,155.54,106.32,46.77,-76.83,49.50,222.89,31.55,28.56,6.06,10.98,-72.25,-157.95,-35.97,-6.59,65.97,141.57,118.93,47.51,-136.38,120.37
1851.46,-692.50,-624.60,-432.35,173.03,98.77,-58.19,738.27,353.84,335.52,-227.05,-279.22,241.63,-230.77,10.40,-394.76,17.18,60.93,-68.02,-225.89,-192.19,271.53,158.03,362.93,116.17,-9.76,-116.65,18.30,-247.66,54.71,17.14,226.42,137.41,-120.33,-12.18,25.59,123.81,117.65,90.25,-61.54,-67.15,-142.98,-209.17,-44.86,-18.84,132.04,104.51,122.57,-82.83,-114.17,197.24
670.58,-1181.85,-1738.33,-441.77,-57.77,344.34,46.85,486.62,778.01,107.34,-255.50,-204.46,50.87,-57.25,-82.08,-126.47,123.61,76.64,-105.46,-187.58,-278.13,152.93,160.22,312.55,42.66,-241.31,-164.30,-18.45,-303.85,179.79,29.95,223.14,55.63,-10.46,-2.62,18.25,142.67,24.95,99.07,-19.90,26.72,15.64,-200.77,-16.78,-1.02,18.00,84.96,13.00,-101.37,-79.88,166.42
679.61,-1160.34,-1784.08,-415.17,-90.47,319.25,40.13,442.22,785.32,88.52,-255.95,-241.64,37.19,-75.54,-67.87,-118.78,93.87,135.59,-81.33,-185.06,-278.33,167.07,166.19,289.21,31.02,-236.32,-167.88,-22.21,-271.09,196.44,22.85,202.05,57.87,1.03,-18.56,32.06,131.86,23.62,124.29,-26.71,27.99,6.82,-183.85,-15.08,-46.20,12.27,56.86,26.34,-60.26,-64.36,159.63
674.76,-1292.80,-1648.87,-426.05,-4.37,312.09,38.69,525.49,764.12,187.34,-241.74,-180.36,59.98,-55.10,-187.98,-189.41,143.82,51.11,-35.39,-178.45,-254.33,205.50,155.05,351.99,36.23,-272.43,-124.81,-18.35,-258.87,191.14,26.97,191.64,7.33,6.72,-68.85,25.92,202.32,-36.20,-7.03,-13.80,16.68,-39.96,-157.10,16.58,-22.76,60.99,103.53,73.12,-10.81,-174.31,168.49
1302.94,-641.59,-1369.01,-211.99,225.06,165.55,-496.05,693.72,358.56,319.56,162.81,-200.16,-41.67,-86.28,-309.67,-398.91,-128.67,-183.55,91.27,-253.93,-181.84,276.25,-86.10,73.35,-118.13,-157.64,-209.89,-7.63,-19.13,36.89,-106.80,34.06,100.65,36.08,-128.77,-15.95,144.48,75.56,78.80,-65.57,13.48,-147.95,-27.38,39.65,-83.81,32.84,17.35,48.19,-98.57,29.27,188.49
1656.67,66.18,-1608.25,-310.71,366.98,267.43,-326.53,257.81,311.60,325.98,-17.84,-37.43,1.69,-85.34,-116.09,-328.05,-156.80,22.59,-41.94,-229.29,-121.33,192.60,102.04,88.68,-113.33,-72.72,-167.02,5.92,-53.79,39.16,-7.77,107.49,125.41,-73.24,-65.29,-57.96,50.98,33.59,44.25,-61.48,-33.69,-25.33,-107.97,-32.20,-33.17,23.63,16.81,73.00,-56.08,-34.99,75.12
46.39,-1078.73,268.34,-217.09,-72.07,-30.25,290.76,496.64,281.05,26.47,-211.23,63.34,-55.51,-92.55,-105.56,16.60,112.01,-170.69,131.34,76.43,-244.14,98.59,-53.37,294.45,130.97,-70.93,-43.10,36.87,3.27,28.03,-94.09,-44.47,-8.81,157.21,-73.76,37.43,36.48,81.93,1.08,59.29,-57.95,-217.77,-38.86,131.14,90.84,152.11,72.65,90.02,-28.61,-195.07,15.89
1666.13,29.31,-1624.43,-315.46,345.55,281.83,-333.59,261.19,299.50,327.41,-9.89,-48.55,-11.50,-85.87,-131.44,-326.59,-171.82,36.87,-58.46,-208.22,-113.77,206.77,110.73,85.94,-119.27,-87.02,-159.78,12.83,-52.63,45.21,-9.88,116.93,128.09,-80.43,-69.05,-55.05,56.36,29.97,38.26,-63.31,-29.61,-13.23,-104.17,-35.79,-32.93,21.66,-0.22,62.74,-52.60,-39.91,92.06
1821.79,189.07,-1515.59,-273.71,428.28,306.16,-227.99,268.86,314.20,334.22,-22.27,-87.74,-0.04,-136.06,-159.75,-370.95,-74.03,29.49,-19.07,-250.81,-131.91,171.50,85.05,110.15,-125.02,-108.04,-226.48,28.37,-16.91,56.76,-17.34,130.45,144.86,-90.03,-61.72,-73.24,38.82,42.68,-0.54,-78.84,-40.41,-28.40,-101.04,-42.87,-69.17,10.71,-18.37,43.82,-48.74,-3.30,78.92
1519.99,-684.05,-1357.28,-326.52,217.43,221.60,-387.14,865.88,303.05,244.11,-186.91,-166.40,19.53,-13.40,-196.46,-559.46,-135.18,-101.87,-81.79,-142.18,-264.36,153.36,128.68,390.63,-82.25,-40.07,-136.69,46.90,-145.49,-11.93,-112.49,91.07,17.48,-140.18,-17.11,89.60,80.79,63.98,99.01,19.07,-42.55,-143.09,-9.85,-111.25,-16.61,74.24,140.23,165.92,-143.02,-110.09,134.94
1232.50,-889.20,-1535.39,-448.67,131.62,347.83,99.63,240.06,653.22,58.75,-322.06,-27.50,30.23,-69.08,122.96,-26.54,-17.40,40.93,-206.28,-185.80,-253.62,364.33,233.91,119.47,41.92,-140.41,-116.36,20.09,-76.84,110.70,34.84,172.49,109.02,13.51,-71.23,42.72,175.22,19.86,9.52,-85.16,-46.12,0.22,-196.72,-67.43,-54.66,40.64,62.45,78.60,-2.11,-75.02,113.39
1483.23,-420.32,-1238.79,-192.80,350.64,209.82,-334.76,581.52,400.11,357.65,10.93,-55.96,-110.07,159.15,-311.58,-403.10,-273.67,-296.31,77.27,-232.88,-194.98,288.12,20.22,110.23,-149.68,-72.40,-130.06,-102.49,-89.40,29.29,-7.63,25.57,48.15,-32.99,-44.38,3.43,66.96,68.08,90.79,146.62,-9.95,-107.56,-68.72,45.93,79.15,11.74,56.16,57.46,-187.32,-67.84,117.32
1583.28,-346.77,-1382.55,-243.06,578.81,244.04,-216.62,622.52,402.49,304.19,11.01,-171.58,64.15,-49.41,-236.90,-291.58,48.59,-63.18,20.10,-80.33,-266.68,164.35,60.13,190.38,53.90,-112.69,-200.12,-29.37,-92.60,93.35,-4.47,114.43,89.71,-89.98,-138.51,-83.05,32.13,7.46,54.51,-44.67,-24.57,-80.99,-73.97,-24.34,-30.86,135.73,81.32,106.43,-49.81,-62.52,140.95
1418.18,-181.60,-1736.98,-244.00,363.37,166.83,-428.33,125.98,421.59,303.70,-12.43,-109.81,29.86,-126.99,-186.34,-344.67,-83.19,55.76,-158.86,-201.42,-153.72,167.33,101.77,157.95,-22.70,-97.19,-75.41,-15.76,-154.72,64.81,-39.10,156.64,80.21,-92.76,-36.29,17.81,95.18,82.98,77.21,-46.83,-41.82,-66.54,-89.50,-47.70,-82.70,1.67,62.09,56.34,-2.27,-64.55,127.26
1310.97,-368.82,-1488.68,-296.47,463.87,266.71,-205.03,496.66,450.92,255.26,21.44,-145.13,41.09,-141.32,-206.08,-172.05,41.28,8.76,-95.48,-117.39,-239.18,181.78,50.78,196.67,-21.14,-84.74,-140.23,-4.32,-121.61,123.57,3.15,124.27,56.58,-68.46,-61.83,-60.63,36.14,39.16,57.91,-35.25,-21.45,-90.37,-143.66,-67.31,-3.11,66.37,69.33,82.06,-26.30,-71.01,157.47
1745.77,-552.75,-1561.39,-224.31,278.83,150.56,-363.09,574.57,471.84,397.23,20.62,-65.97,-98.65,-14.95,-157.29,-594.05,-174.79,-59.80,-11.86,-354.26,-156.12,244.52,228.37,177.63,-116.81,-145.88,-207.02,-30.48,-163.27,42.82,3.81,147.34,162.16,-50.46,-63.02,-9.36,96.96,86.36,96.16,-43.68,-63.97,-69.74,-208.52,-24.77,-64.92,78.40,67.25,25.54,-55.22,-112.44,186.82
1893.98,-529.03,-1184.31,-309.73,243.13,335.60,-16.69,530.85,662.96,143.79,-256.09,-169.41,185.01,-27.78,108.66,-292.02,7.33,86.09,-33.30,-201.13,-73.32,236.41,204.51,253.62,60.33,-216.75,-96.21,37.78,-102.05,168.66,125.13,198.09,146.12,-38.05,-46.49,-25.69,123.26,54.39,24.50,-6.78,-15.64,8.00,-131.75,-94.91,-94.11,64.00,103.15,76.43,-59.72,-47.21,114.48
516.87,-876.86,360.26,-100.95,-350.75,-13.81,-272.37,462.22,-31.03,200.96,-55.45,82.16,-401.80,443.04,-98.91,-230.14,-446.95,-130.81,-18.56,-141.61,26.47,-19.24,104.33,69.98,-105.60,36.69,168.65,-152.20,-235.15,-169.49,-73.00,-16.31,26.25,-6.36,20.17,115.86,-19.68,74.79,157.25,75.97,6.64,-29.85,40.39,68.84,-19.31,41.33,65.15,9.62,-106.52,-48.85,-34.72
408.64,-1585.11,-688.33,-603.58,17.09,24.09,446.62,928.22,493.36,-85.63,-191.22,-91.10,109.13,-120.90,33.80,83.95,120.61,62.21,32.86,34.56,-114.73,226.52,64.66,218.43,197.35,-169.86,-140.35,16.90,-173.18,303.90,44.19,80.40,24.78,115.40,-139.19,-11.14,195.40,-7.60,-58.92,40.51,-54.12,-109.72,-91.71,-72.52,41.53,132.58,150.31,268.26,-11.10,-154.53,214.30
504.21,-711.97,-230.66,-170.53,173.13,-264.55,27.52,240.63,272.47,37.66,-31.95,-123.97,-51.69,-113.64,29.27,-162.98,-6.41,-26.35,35.19,-24.81,-114.14,40.70,47.92,125.49,-5.25,-44.57,21.60,90.76,-109.56,112.99,18.92,7.90,-13.33,90.92,-56.09,1.92,-11.25,18.21,82.85,29.20,-69.21,-101.07,-102.88,-14.76,25.68,96.83,59.31,67.76,68.08,-90.30,139.83
522.13,-343.08,-581.63,-341.06,226.83,-187.25,-194.67,-219.68,164.98,114.96,86.59,-8.13,30.77,-51.20,4.19,-10.71,-22.19,20.50,-160.26,-103.20,-127.36,199.79,49.96,85.76,-9.15,30.99,62.99,100.34,-109.78,16.58,2.41,97.23,88.25,49.25,-53.19,-15.87,153.36,65.00,153.88,3.62,-9.33,-53.68,-121.27,-115.39,105.05,111.52,80.64,-64.28,-56.61,-25.44,118.88
616.59,-966.82,-198.57,-525.45,65.16,-302.87,350.15,595.22,217.70,240.53,-45.03,-132.83,5.29,52.25,81.26,-153.34,-211.82,-166.97,114.44,75.84,-86.48,214.09,-92.89,290.32,4.79,38.96,-89.05,112.61,-213.89,82.95,37.76,93.50,38.85,58.90,-85.41,69.45,39.26,116.42,11.75,-15.38,-92.74,-143.06,-82.82,6.02,118.06,141.68,93.95,136.07,15.81,-139.07,131.01
1588.36,589.15,300.05,-298.36,537.47,-310.56,133.70,-91.68,193.63,95.25,-213.21,59.67,398.20,172.29,118.31,-190.63,74.21,4.39,158.15,50.73,-103.29,120.67,7.66,-115.75,129.81,132.43,1.60,88.16,-27.27,-17.95,-71.58,-66.75,-66.57,-78.03,26.42,-17.08,-45.96,-64.80,89.65,-6.84,30.58,-6.73,-17.37,22.11,59.32,21.08,-15.44,-2.01,42.39,-6.93,25.88
90.38,-1583.97,-973.19,-786.44,-773.27,165.12,-502.49,-236.55,-158.51,119.51,-306.36,-64.57,-71.51,-231.69,13.27,-29.69,-422.75,-71.14,-88.24,-101.27,-94.94,122.14,63.56,183.78,68.97,129.93,273.81,-62.24,-542.70,-41.24,-73.80,-13.28,47.29,77.52,-34.75,128.65,79.49,44.83,228.34,-71.76,-24.19,-188.11,-145.25,-129.15,64.38,91.51,173.11,94.55,-2.20,-133.89,147.82
538.85,-591.75,-300.81,-200.83,153.73,-268.07,-31.99,270.53,225.10,72.89,-16.92,-118.28,-31.91,-50.45,48.93,-211.39,38.63,11.17,-27.44,-86.99,-81.86,37.44,9.86,85.74,-79.40,-79.90,44.20,101.04,-50.54,154.26,54.18,-20.73,-22.49,99.46,-81.61,-50.15,22.95,71.13,79.24,95.77,-28.22,-67.12,-51.55,-82.25,59.13,66.81,88.48,70.25,75.27,-37.03,145.39
1009.83,-468.04,-1559.54,-166.08,379.91,172.71,13.80,9.40,561.21,-41.25,-142.06,-167.79,6.75,-71.16,-38.20,-121.41,52.57,80.88,38.75,38.57,-107.51,180.27,-12.52,245.05,-14.76,-176.34,-122.48,59.33,-200.60,92.42,12.04,151.43,79.67,14.27,-54.58,-39.42,35.63,4.26,-54.91,-136.79,26.64,-18.22,-128.18,-59.35,-47.21,-53.45,-8.07,58.93,20.96,-37.55,81.17
267.93,-1994.57,-70.30,-657.98,-733.82,-39.43,167.54,459.62,-137.10,153.11,-303.59,9.99,3.32,-133.77,-87.91,-212.14,-393.16,-374.78,-61.06,95.34,-116.89,2.66,1.34,477.93,272.37,-22.71,112.99,-38.18,-500.22,-111.15,-38.93,-21.99,-50.94,153.81,-45.25,161.33,38.79,182.08,169.55,49.32,-109.79,-244.68,-56.21,-106.55,42.09,69.24,213.97,273.98,-147.28,-246.72,75.47
7.79,-692.77,243.00,-502.66,35.00,-374.89,245.87,376.41,-31.67,170.50,-186.65,39.55,-57.53,156.05,-91.62,-108.81,12.85,-30.48,17.99,52.81,-172.96,-42.81,134.54,187.12,10.62,-41.76,-16.54,24.00,-166.41,4.64,-121.70,-82.62,-119.36,122.66,62.57,69.86,86.02,33.28,164.43,1.00,-54.12,-125.09,-78.34,39.12,94.13,25.94,76.51,72.43,59.07,-201.44,70.41
666.82,-821.74,517.15,81.31,-47.21,-223.39,-182.08,722.50,-70.82,-59.57,11.50,-63.11,-132.23,299.99,-179.75,-232.26,-159.94,-357.84,292.86,74.23,-162.71,120.26,-103.27,298.44,-137.41,-9.07,-53.35,-0.33,-89.61,-63.32,-121.47,-99.25,-98.43,16.13,-3.15,-23.38,-55.70,0.31,15.84,125.38,-73.82,-187.67,-2.12,90.62,85.11,87.46,-6.43,86.51,-119.57,-55.59,24.18
364.68,254.74,80.73,-598.26,181.74,-133.20,345.52,-189.81,-186.32,270.30,-41.51,-79.20,2.58,-32.63,-27.09,331.98,175.70,107.24,185.68,-110.65,-177.33,-132.29,-102.95,239.22,-66.56,-25.62,-88.88,-186.48,173.38,-70.22,61.67,-10.24,-42.99,13.26,80.31,112.98,-78.25,31.19,-5.60,8.95,-66.05,51.06,-17.06,10.16,-80.75,-1.63,0.59,1.71,-1.18,31.07,12.07
457.83,-13.98,-133.90,-671.69,131.22,95.50,183.05,-215.96,16.81,-94.30,39.43,-76.95,-78.28,281.54,-129.68,161.40,400.88,-11.68,241.05,-63.79,32.28,114.33,-176.53,230.03,-55.07,88.47,16.08,137.55,-234.65,208.45,-46.09,62.84,-69.32,22.12,-42.72,-210.92,-26.38,79.92,9.40,9.46,1.51,-67.17,-109.65,39.75,-55.09,-69.44,0.23,31.93,-99.00,4.17,88.94
739.35,-898.18,55.56,-51.21,-84.37,-135.86,-171.36,940.45,282.53,95.12,99.97,-25.97,-277.04,179.51,-195.49,-329.37,-121.25,-213.10,154.86,-242.04,-134.64,89.28,128.16,183.87,-141.70,-50.61,-56.90,-99.48,-213.13,34.84,-9.22,-42.86,54.17,66.09,-9.41,1.57,23.73,131.17,140.80,67.70,-46.01,-89.38,-155.67,59.95,12.79,79.36,114.78,-42.45,-63.21,-115.16,174.45
-16.33,-707.35,226.00,-261.76,50.67,-104.38,169.83,565.64,126.36,229.69,-7.28,2.57,-32.78,-40.52,-225.11,-150.55,52.63,-144.11,175.33,-12.04,-45.66,-11.23,-40.21,113.09,124.22,51.12,-13.17,-37.21,-92.10,122.61,-46.68,-73.40,-19.08,117.10,-20.18,17.85,40.85,143.52,-45.47,41.54,-92.35,-158.20,-87.98,53.04,71.59,44.08,13.87,31.25,-18.63,-108.17,43.14
659.79,-532.74,-1677.91,-363.51,332.64,205.84,-159.71,144.38,429.09,14.18,170.00,-117.28,-108.83,-100.18,-105.18,119.56,-77.44,-4.42,-167.79,-45.87,-89.12,143.12,48.74,260.62,-39.71,-148.09,-95.48,41.62,-122.53,156.76,-90.19,81.12,85.00,-91.24,-152.60,-99.62,4.72,37.82,-53.88,-20.78,24.90,-60.72,-149.09,-62.81,5.61,-8.95,-10.39,49.56,8.65,-22.48,110.73
79.49,-1245.30,363.67,-292.19,-495.48,-23.75,630.24,637.79,249.89,-126.04,-192.09,-28.58,-42.52,-66.60,42.95,178.61,6.46,-115.74,137.00,209.77,-208.10,32.38,-191.11,79.18,153.04,-25.97,-20.89,-29.75,-164.19,108.75,29.36,41.39,-53.71,116.23,-68.45,16.86,-11.31,93.15,-16.22,42.02,-43.15,-66.01,-73.58,-6.60,54.93,71.80,90.47,124.41,13.62,-95.93,76.41
261.96,-418.09,-963.41,-510.04,120.52,27.43,-190.96,294.07,351.38,330.01,20.93,16.50,5.84,-138.06,-197.22,-73.01,72.76,-51.24,-50.64,-147.59,-168.91,-4.83,109.65,101.06,-5.73,-104.94,-21.80,-73.68,-140.24,162.08,-8.42,11.55,27.39,34.37,-45.87,-12.61,102.77,39.88,48.20,105.42,-10.92,-27.27,-52.53,14.51,20.47,51.40,45.12,35.85,-0.35,-32.32,23.24
517.55,-882.87,-242.75,-178.38,98.24,-239.67,-32.86,665.89,179.60,191.01,52.47,63.21,-67.59,189.61,-102.61,-238.88,-24.78,-147.27,76.08,-10.37,-168.65,92.35,-49.16,349.08,110.24,67.21,-14.25,26.44,-199.33,-147.66,-177.09,-35.57,-0.84,47.81,-38.90,-56.82,10.01,166.11,15.86,53.16,-21.60,-293.08,-128.96,17.30,108.51,143.83,68.79,157.41,-184.66,-172.24,37.23
248.37,-1341.57,-173.61,-293.83,-146.61,75.79,386.68,939.84,444.27,-24.33,-128.65,-128.68,127.09,-167.72,-193.63,261.44,228.15,-76.53,35.51,3.06,-290.31,118.93,-153.47,155.12,174.99,-66.50,28.10,-30.97,-222.89,230.05,101.18,55.02,6.56,161.57,-70.34,16.13,81.66,101.91,-77.64,60.98,-62.15,-173.11,-70.84,35.95,105.77,174.59,116.42,165.40,16.53,-105.10,134.85
292.47,-955.64,365.71,-8.78,23.37,-74.70,-268.37,812.73,125.81,-139.62,228.87,-28.50,-369.70,478.20,-140.90,-245.83,-49.24,-404.98,275.33,-187.04,-211.92,20.76,77.66,234.18,-135.53,74.38,-131.92,57.54,-207.44,58.35,-75.78,-123.64,-101.41,-27.92,-129.35,-103.43,-62.30,6.93,156.72,144.23,20.95,-109.13,-106.52,63.77,95.63,95.93,110.32,21.74,-83.41,-60.37,158.21
1098.46,-366.64,124.56,0.21,272.53,-172.06,-208.80,768.24,100.82,-54.25,-128.42,-38.05,49.26,123.83,-37.46,42.94,-22.63,-89.10,244.97,24.78,-284.67,37.42,60.60,231.47,-85.10,-79.30,0.88,38.04,-98.81,21.57,-20.02,-4.45,-52.39,-56.94,-153.16,-17.48,-169.55,-17.73,74.64,118.13,-6.41,-38.56,-62.77,-107.45,63.99,94.43,115.77,13.26,-56.20,-36.75,-43.69
-384.26,-949.93,-3.58,-517.71,-395.80,-140.67,19.01,112.85,131.34,64.79,-98.12,-10.15,-9.89,92.78,114.06,-11.02,67.49,-221.33,-71.77,-52.55,20.32,6.32,-80.81,58.01,77.27,17.65,36.35,6.86,-157.39,93.90,3.98,1.46,-38.23,-16.18,-4.58,2.50,44.50,121.42,29.53,115.38,27.53,-45.58,22.28,24.82,83.45,-1.59,92.91,14.48,-0.89,-57.51,79.76
1594.81,450.00,1105.46,98.27,160.39,-196.00,30.32,87.59,-57.53,-352.14,131.52,58.86,-130.83,-258.72,-74.27,-177.31,131.73,-141.76,-120.89,69.56,221.80,-180.71,-98.40,103.69,10.28,-120.59,-57.83,-65.39,-29.59,80.73,68.11,-0.16,5.78,93.11,24.80,52.54,23.54,-12.22,-9.65,-55.88,48.51,-8.42,13.96,0.54,-28.52,-24.79,-48.57,14.47,-11.37,-2.56,-35.01
549.41,-1536.53,366.65,-366.26,-322.51,16.50,126.47,847.51,80.35,105.62,-285.59,-92.24,16.71,66.17,-24.35,-148.37,-335.00,-304.25,108.56,69.87,-82.87,116.76,-54.68,356.13,-46.35,44.48,19.09,-67.72,-197.44,4.01,29.70,30.08,-33.20,153.19,-3.91,67.99,3.96,101.33,137.81,84.36,-63.73,-213.28,-22.27,98.68,139.65,181.07,130.28,159.19,-97.63,-170.87,102.58
1164.49,-106.54,-328.10,-230.82,-290.49,385.08,325.97,32.27,287.06,2.19,-114.59,72.21,123.20,-49.77,-62.61,-69.25,-120.09,38.98,-121.03,-96.32,-77.29,-34.11,-28.84,20.20,66.60,-58.14,-44.37,-18.81,-53.95,-144.79,-85.59,-95.76,23.09,-4.28,-73.76,-4.45,55.08,80.47,3.32,24.72,-13.83,-30.91,-80.06,58.75,33.34,-20.82,22.92,-24.84,-54.94,12.88,41.71
320.09,-1105.02,379.42,-81.43,120.82,-282.91,-51.71,1015.39,-33.43,-169.89,-2.69,56.01,-94.27,434.43,-100.03,-52.17,-115.44,-468.79,336.82,-26.04,-227.72,91.54,-102.01,235.67,-38.76,7.84,-137.23,16.31,60.60,6.73,-129.67,-192.86,-148.86,144.11,-24.55,40.08,-79.89,36.98,-23.33,97.32,-131.63,-244.18,-65.45,35.95,62.09,72.47,58.62,136.54,-57.89,-168.70,52.68
1166.65,-917.91,-813.06,-252.26,-113.94,67.50,-427.48,521.52,245.16,198.34,11.49,-11.14,-105.03,90.35,-101.50,-415.70,-272.79,-192.74,-32.91,-147.15,-93.66,75.79,138.55,268.20,7.51,15.09,40.42,-59.47,-301.49,-138.63,-50.78,3.99,30.34,20.46,-23.22,1.62,10.62,73.09,140.40,115.31,-25.37,-192.07,-116.87,-45.49,32.93,91.89,114.24,131.74,-139.38,-139.70,152.57
301.34,-224.19,15.13,-427.25,-314.67,46.32,-169.76,90.53,98.88,233.82,11.85,107.55,-229.05,162.53,126.00,8.19,75.92,-213.86,15.41,-171.75,118.82,227.74,-79.49,-259.81,-61.28,-76.76,-34.71,-230.56,-48.68,-43.76,80.27,-13.95,-46.01,177.04,28.72,-83.91,-70.91,56.36,33.15,-46.70,-20.48,-9.87,26.15,-12.65,25.60,-41.52,-50.76,10.76,83.47,-31.42,51.55
1234.64,-897.60,377.67,-74.57,329.80,-24.42,-16.92,987.09,270.23,-136.72,15.83,-69.41,23.53,29.48,16.30,-138.78,3.87,-300.15,-46.24,-179.27,-2.85,297.53,-103.45,28.87,-91.88,-29.84,-224.76,-5.21,-47.06,107.79,26.15,9.12,-66.38,8.29,-85.41,-59.91,134.15,5.34,14.22,40.95,-47.17,-4.38,-61.80,77.91,64.99,128.14,48.10,9.43,-62.52,-16.66,68.61
438.45,-901.25,-763.02,-568.30,88.18,-46.36,-34.83,179.06,235.00,222.26,7.50,-77.20,-38.40,17.94,-97.96,-90.77,47.09,-92.06,62.45,-34.89,-186.41,96.96,43.97,340.90,24.99,-55.32,-83.70,65.11,-265.26,122.25,-13.18,66.70,-18.96,26.75,-95.02,1.18,18.83,74.17,40.55,-5.25,-30.05,-129.61,-136.84,14.31,35.98,59.66,63.64,146.72,-8.96,-105.83,62.54
896.86,-862.01,53.17,-282.73,-78.67,-229.03,-65.18,182.48,289.84,51.74,-144.29,10.28,-273.98,239.08,25.42,-161.34,-319.41,-284.08,85.25,-1.92,-102.56,182.79,3.46,243.66,43.68,-13.44,142.43,-14.99,-204.94,-82.70,-24.49,-25.75,51.71,-28.57,-4.12,148.28,-68.79,80.73,76.72,105.54,-31.15,-87.54,-101.56,-106.33,57.82,44.22,164.14,82.39,-9.82,-108.51,1.88
553.13,-135.75,-861.71,84.18,-122.53,388.19,-241.64,167.51,224.26,-168.65,80.33,19.22,-36.68,-41.77,-145.04,233.66,160.57,125.18,54.67,295.13,-146.99,1.39,104.77,-78.95,206.67,-35.62,48.63,25.81,-7.47,283.35,154.50,119.53,-3.19,-14.86,-11.49,27.81,65.00,-91.69,-73.89,12.51,-24.97,-31.17,52.90,-58.38,-25.94,16.57,-49.42,93.83,25.81,2.84,48.74
273.62,-707.91,-472.23,-388.50,-108.62,-179.99,-427.11,112.72,357.64,160.43,-82.67,-180.20,114.46,98.14,-261.95,-92.21,48.90,-3.79,-83.56,-212.05,-126.29,134.31,17.10,179.24,103.73,-161.40,-61.66,22.93,-120.65,-25.18,-29.71,-19.72,31.46,37.75,-23.18,-8.14,91.51,-41.92,137.54,42.64,-25.79,-141.42,-25.21,17.37,-12.91,6.52,51.94,-79.00,-51.62,-115.79,-7.67
17.86,-899.72,-168.68,-400.42,64.80,-40.75,-137.61,103.46,212.24,16.61,70.63,-75.58,-159.44,123.86,-97.89,169.97,93.77,-260.02,-140.22,-178.78,-203.49,128.20,-42.39,110.64,-12.19,22.65,-1.34,-132.87,-196.89,77.92,23.16,-70.67,-100.76,-64.51,-19.81,-51.59,35.51,67.96,156.61,141.52,9.07,-143.28,-190.54,0.71,135.16,82.24,39.51,37.27,22.58,-52.41,114.49
86.67,-455.90,-292.65,-260.50,-171.28,-416.27,-2.55,-29.14,136.43,62.55,-17.45,61.71,-52.72,-144.86,33.90,31.78,-81.07,33.52,-10.48,123.75,-68.01,69.81,-27.71,142.07,-20.65,-36.43,24.77,33.30,-12.85,98.87,26.41,49.62,0.49,90.91,-25.93,54.59,68.84,58.99,58.48,-10.84,-31.69,25.40,-69.47,-77.14,8.61,9.57,22.71,16.58,27.27,-59.73,34.64
552.04,-725.10,89.80,185.04,-21.73,-315.00,-244.17,439.33,27.03,38.78,122.38,-54.47,-31.99,155.89,-271.69,-46.93,-361.86,-156.99,119.74,90.42,-210.11,231.96,-150.04,53.48,-105.18,63.35,4.27,-27.24,-66.49,-52.19,-70.28,-133.72,-101.54,67.81,-83.22,30.18,-60.29,-8.32,-49.71,64.13,-66.29,-110.52,-61.29,52.77,143.86,24.66,25.40,82.64,-121.38,-23.99,11.31
164.27,-362.78,-159.97,-621.69,-105.35,-67.13,89.36,84.92,108.92,230.19,-4.62,60.92,-116.92,-65.43,28.86,73.11,83.69,-119.66,-2.96,21.81,-77.36,19.86,1.26,168.56,101.98,-23.70,-1.14,-23.09,-56.64,2.36,1.51,1.08,12.88,69.96,-83.35,-41.26,2.27,96.58,-0.40,-20.84,-36.88,-66.05,-54.76,-47.36,14.59,64.40,98.67,52.57,-41.26,-92.52,-3.87
903.21,-740.56,705.05,-120.86,-386.29,-46.81,-118.21,557.51,-222.95,192.54,-221.56,77.44,-327.66,448.57,6.54,-361.39,-594.40,-180.77,-12.03,-125.90,85.77,-73.09,157.58,-39.87,-91.60,87.06,39.72,-183.09,-189.60,-282.85,-43.57,-29.12,53.18,13.25,65.82,157.93,-87.57,34.77,128.37,3.85,-6.09,-46.67,63.09,67.34,-66.79,44.95,125.55,-65.89,-98.22,-35.33,-34.80
1094.84,-217.81,-269.42,-324.73,68.16,17.29,18.68,299.01,109.98,152.44,-128.31,-122.94,-17.64,88.32,87.56,-166.30,-255.93,-131.14,146.80,-34.96,-39.45,141.33,6.81,43.67,-149.88,13.58,-97.30,65.87,-53.08,-34.80,20.29,15.72,-9.78,14.51,-59.91,14.06,-73.47,-4.61,31.97,20.27,-36.73,4.70,-15.31,10.47,49.54,24.85,59.12,90.17,-16.65,-31.39,19.86
365.73,-823.25,44.39,-5.19,-19.76,-202.69,-307.86,604.89,-48.87,-70.88,70.74,74.10,-188.83,326.34,-100.84,-164.60,-252.28,-263.13,331.49,-101.19,-171.49,31.93,8.67,202.95,-161.42,67.66,-17.74,5.00,-201.09,-79.25,-105.26,-180.87,-117.26,84.27,-43.49,-21.37,-90.84,43.61,175.02,145.10,20.65,-160.30,24.03,90.67,90.23,80.49,21.51,132.82,-95.98,-85.03,7.99
1027.58,-1239.24,-693.54,-462.50,-106.47,13.76,369.04,482.62,509.67,172.50,-204.29,-151.46,59.93,-173.41,-38.35,-196.77,-304.87,-139.76,-20.04,-2.91,-122.02,219.55,-4.40,250.06,28.93,-100.81,-53.08,28.29,-284.22,120.98,-108.13,89.55,92.76,70.88,-57.45,74.03,109.17,77.59,76.35,-32.81,-62.90,-91.10,-100.20,-12.88,82.66,73.25,59.90,149.01,-43.16,-87.25,136.24
159.33,-1174.08,171.36,-227.78,128.54,-84.31,-192.07,953.17,295.00,71.58,140.84,-121.45,-335.97,172.94,-94.13,-46.32,135.65,-372.19,74.76,21.69,-327.44,139.15,-37.59,324.84,-7.61,-3.88,-201.14,96.57,-19.96,86.59,-76.95,-53.34,-61.35,-48.43,-119.44,-119.89,-55.65,88.27,21.59,184.47,-17.03,-244.38,-184.63,10.11,27.14,34.02,135.21,34.21,-69.70,-13.50,13.21
375.84,-312.77,-346.65,-415.23,96.30,72.91,-22.50,174.83,242.62,17.44,6.84,11.22,-90.88,106.84,-184.86,60.45,313.98,3.33,-101.24,-157.29,-149.33,14.74,-87.84,173.91,30.34,-7.13,-12.18,52.78,-72.30,62.80,-51.75,10.13,21.63,-23.78,-48.73,-149.60,21.88,86.08,33.42,9.78,11.78,-126.95,-83.19,-80.94,-28.97,6.11,43.08,65.78,-78.30,3.11,-16.20
263.18,-249.41,-359.61,-570.49,188.76,-89.15,-14.86,-244.29,102.06,149.50,-92.89,-60.99,-16.04,-126.63,133.97,183.45,114.83,-36.66,10.48,141.13,-95.85,203.54,-143.80,155.00,-22.19,29.36,-60.07,39.74,-60.84,122.25,-25.80,117.84,-16.20,26.02,-17.03,-10.44,-1.06,47.97,-60.39,-62.48,31.11,-2.17,28.94,-47.93,14.64,-9.04,15.58,64.28,10.09,33.83,-56.55
-117.65,-789.16,431.36,-406.75,-256.70,-336.21,145.50,149.59,68.00,81.89,84.51,25.81,-222.55,-216.92,91.73,45.14,41.10,-117.59,116.48,87.59,-163.72,8.12,6.14,227.96,200.79,-4.06,32.79,63.60,-60.86,84.43,-73.61,21.32,-35.14,60.38,-62.90,-0.59,17.07,123.48,40.58,-61.60,-57.27,-100.72,-46.79,-3.09,-22.07,109.79,126.02,91.39,34.62,-173.33,32.59
40.98,-764.91,-4.13,-419.37,-17.64,-170.31,75.18,149.06,38.86,180.57,21.15,-23.85,-72.51,25.41,98.29,12.31,-92.68,-246.15,149.43,20.70,-104.81,143.10,-39.59,200.89,64.16,40.73,-21.11,-8.90,-101.29,99.66,38.46,-5.58,28.06,82.08,-58.06,43.82,6.13,66.53,45.20,50.64,-69.25,-50.34,-42.83,43.82,69.65,75.10,87.88,87.49,-16.07,-16.91,75.64
